   0   0   1   2     0.89036     7.05691    12.52837
   0   0   2   2     1.78072     3.52845    25.20971
   0   0   3   2     2.67108     2.35230    38.21468
   0   0   4   2     3.56144     1.76423    51.75543
   0   0   5   2     4.45180     1.41138    66.12655
   0   0   6   2     5.34216     1.17615    81.79046
   0   0   7   2     6.23252     1.00813    99.59908
   0   0   8   2     7.12288     0.88211   121.59571
   0   1  -8   2     7.31026     0.85950   127.24000
   0   1  -7   2     6.44971     0.97418   104.44724
   0   1  -6   2     5.59850     1.12230    86.64309
   0   1  -5   2     4.76162     1.31955    71.39893
   0   1  -4   2     3.94822     1.59140    57.87447
   0   1  -3   2     3.17636     1.97811    45.81700
   0   1  -2   2     2.48507     2.52837    35.46144
   0   1  -1   2     1.96148     3.20329    27.81764
   0   1   0   2     1.76201     3.56592    24.94053
   0   1   1   2     1.98682     3.16244    28.18441
   0   1   2   2     2.52501     2.48838    36.05080
   0   1   3   2     3.22326     1.94932    46.53302
   0   1   4   2     3.99858     1.57135    58.68419
   0   1   5   2     4.81387     1.30523    72.30496
   0   1   6   2     5.65186     1.11170    87.67752
   0   1   7   2     6.50378     0.96608   105.69553
   0   2  -7   2     7.11074     0.88362   121.24724
   0   2  -6   2     6.35272     0.98905   102.25076
   0   2  -5   2     5.63355     1.11531    87.32170
   0   2  -4   2     4.97014     1.26419    75.04713
   0   2  -3   2     4.38785     1.43195    65.05815
   0   2  -2   2     3.92295     1.60165    57.46945
   0   2  -1   2     3.62096     1.73522    52.68635
   0   2   0   2     3.52402     1.78296    51.17205
   0   2   1   2     3.64849     1.72213    53.11812
   0   2   2   2     3.97363     1.58122    58.28273
   0   2   3   2     4.45573     1.41014    66.19242
   0   2   4   2     5.05003     1.24419    76.46837
   0   2   5   2     5.72167     1.09814    89.04453
   0   2   6   2     6.44652     0.97466   104.37422
   0   2   7   2     7.20856     0.87163   124.11156
   0   3  -5   2     6.85640     0.91640   114.33234
   0   3  -4   2     6.32658     0.99314   101.66769
   0   3  -3   2     5.88443     1.06776    92.29612
   0   3  -2   2     5.55093     1.13192    85.72840
   0   3  -1   2     5.34647     1.17520    81.87054
   0   3   0   2     5.28603     1.18864    80.75168
   0   3   1   2     5.37447     1.16908    82.39202
   0   3   2   2     5.60475     1.12105    86.76378
   0   3   3   2     5.96045     1.05415    93.84811
   0   3   4   2     6.42077     0.97857   103.78614
   0   3   5   2     6.96498     0.90211   117.20065
   0   4  -2   2     7.24193     0.86761   125.11984
   0   4  -1   2     7.08995     0.88621   120.65486
   0   4   0   2     7.04803     0.89148   119.47637
   0   4   1   2     7.11812     0.88270   121.45888
   0   4   2   2     7.29698     0.86107   126.82199
   1   0   1   4     1.02631     6.12214    14.45080
   1   0   2   4     1.85244     3.39185    26.24279
   1   0   3   4     2.71942     2.31049    38.93385
   1   0   4   4     3.59783     1.74638    52.32419
   1   0   5   4     4.48097     1.40219    66.61601
   1   0   6   4     5.36649     1.17082    82.24327
   1   0   7   4     6.25339     1.00477   100.05418
   1   0   8   4     7.14115     0.87986   122.12368
   1   1  -8   4     7.32806     0.85741   127.80540
   1   1  -7   4     6.46988     0.97114   104.91079
   1   1  -6   4     5.62172     1.11766    87.09219
   1   1  -5   4     4.78891     1.31203    71.87141
   1   1  -4   4     3.98108     1.57826    58.40245
   1   1  -3   4     3.21711     1.95305    46.43905
   1   1  -2   4     2.53696     2.47666    36.22722
   1   1  -1   4     2.02681     3.10004    28.76380
   1   1   0   4     1.83446     3.42509    25.98360
   1   1   1   4     2.05134     3.06296    29.11963
   1   1   2   4     2.57609     2.43904    36.80596
   1   1   3   4     3.26343     1.92533    47.14776
   1   1   4   4     4.03103     1.55871    59.20764
   1   1   5   4     4.84086     1.29795    72.77504
   1   1   6   4     5.67486     1.10720    88.12624
   1   1   7   4     6.52378     0.96312   106.16186
   1   2  -7   4     7.12904     0.88135   121.77322
   1   2  -6   4     6.37319     0.98588   102.71003
   1   2  -5   4     5.65663     1.11076    87.77053
   1   2  -4   4     4.99629     1.25757    75.51077
   1   2  -3   4     4.41744     1.42236    65.55172
   1   2  -2   4     3.95602     1.58826    57.99976
   1   2  -1   4     3.65677     1.71824    53.24808
   1   2   0   4     3.56079     1.76455    51.74537
   1   2   1   4     3.68403     1.70552    53.67670
   1   2   2   4     4.00629     1.56833    58.80839
   1   2   3   4     4.48487     1.40097    66.68163
   1   2   4   4     5.07576     1.23788    76.92915
   1   2   5   4     5.74439     1.09379    89.49299
   1   2   6   4     6.46670     0.97162   104.83762
   1   2   7   4     7.22661     0.86945   124.65492
   1   3  -5   4     6.87537     0.91387   114.82545
   1   3  -4   4     6.34714     0.98992   102.12596
   1   3  -3   4     5.90653     1.06377    92.74497
   1   3  -2   4     5.57435     1.12716    86.17795
   1   3  -1   4     5.37078     1.16988    82.32326
   1   3   0   4     5.31061     1.18314    81.20572
   1   3   1   4     5.39865     1.16384    82.84419
   1   3   2   4     5.62794     1.11643    87.21283
   1   3   3   4     5.98227     1.05030    94.29767
   1   3   4   4     6.44102     0.97549   104.24833
   1   3   5   4     6.98366     0.89970   117.70598
   1   4  -2   4     7.25990     0.86546   125.66994
   1   4  -1   4     7.10830     0.88392   121.17754
   1   4   0   4     7.06649     0.88915   119.99279
   1   4   1   4     7.13640     0.88044   121.98606
   1   4   2   4     7.31481     0.85897   127.38424
   2   0   0   2     1.02091     6.15451    14.37439
   2   0   1   4     1.35462     4.63834    19.11155
   2   0   2   4     2.05261     3.06107    29.13805
   2   0   3   4     2.85953     2.19728    41.02767
   2   0   4   4     3.70488     1.69592    54.00507
   2   0   5   4     4.56736     1.37567    68.07380
   2   0   6   4     5.43883     1.15524    83.59890
   2   0   7   4     6.31558     0.99487   101.42346
   2   0   8   4     7.19567     0.87319   123.72642
   2   1  -7   4     6.53001     0.96220   106.30761
   2   1  -6   4     5.69082     1.10409    88.43851
   2   1  -5   4     4.86984     1.29023    73.28141
   2   1  -4   4     4.07807     1.54072    59.96889
   2   1  -3   4     3.33639     1.88323    48.26805
   2   1  -2   4     2.68660     2.33871    38.44547
   2   1  -1   4     2.21125     2.84146    31.44608
   2   1   0   4     2.03640     3.08544    28.90289
   2   1   1   4     2.23376     2.81283    31.77460
   2   1   2   4     2.72359     2.30695    38.99601
   2   1   3   4     3.38108     1.85834    48.95659
   2   1   4   4     4.12685     1.52251    60.76131
   2   1   5   4     4.92093     1.27683    74.17829
   2   1   6   4     5.74332     1.09400    89.47184
   2   1   7   4     6.58342     0.95440   107.56762
   2   2  -7   4     7.18365     0.87465   123.36961
   2   2  -6   4     6.43423     0.97653   104.09299
   2   2  -5   4     5.72531     1.09744    89.11633
   2   2  -4   4     5.07391     1.23833    76.89604
   2   2  -3   4     4.50505     1.39470    67.02109
   2   2  -2   4     4.05362     1.55002    59.57278
   2   2  -1   4     3.76213     1.67011    54.90933
   2   2   0   4     3.66892     1.71255    53.43902
   2   2   1   4     3.78863     1.65843    55.32913
   2   2   2   4     4.10268     1.53148    60.36833
   2   2   3   4     4.57119     1.37452    68.13872
   2   2   4   4     5.15219     1.21952    78.30649
   2   2   5   4     5.81203     1.08106    90.83829
   2   2   6   4     6.52686     0.96267   106.23394
   2   2   7   4     7.28050     0.86302   126.30701
   2   3  -5   4     6.93199     0.90640   116.31683
   2   3  -4   4     6.40842     0.98046   103.50563
   2   3  -3   4     5.97233     1.05205    94.09267
   2   3  -2   4     5.64403     1.11324    87.52528
   2   3  -1   4     5.44307     1.15435    83.67866
   2   3   0   4     5.38371     1.16707    82.56462
   2   3   1   4     5.47057     1.14854    84.19814
   2   3   2   4     5.69697     1.10290    88.55904
   2   3   3   4     6.04725     1.03902    95.64805
   2   3   4   4     6.50142     0.96643   105.64073
   2   3   5   4     7.03941     0.89257   119.23638
   2   4  -2   4     7.31353     0.85912   127.34366
   2   4  -1   4     7.16308     0.87716   122.76339
   2   4   0   4     7.12159     0.88227   121.55860
   2   4   1   4     7.19096     0.87376   123.58629
   3   0   1   4     1.77139     3.54704    25.07542
   3   0   2   4     2.34862     2.67526    33.45523
   3   0   3   4     3.07892     2.04071    44.33546
   3   0   4   4     3.87671     1.62075    56.73025
   3   0   5   4     4.70782     1.33463    70.47125
   3   0   6   4     5.55731     1.13062    85.85070
   3   0   7   4     6.41789     0.97901   103.72080
   3   0   8   4     7.28563     0.86241   126.46703
   3   1  -7   4     6.62902     0.94783   108.65848
   3   1  -6   4     5.80416     1.08253    90.68083
   3   1  -5   4     5.00181     1.25618    75.60892
   3   1  -4   4     4.23479     1.48370    62.52652
   3   1  -3   4     3.52623     1.78184    51.20658
   3   1  -2   4     2.91902     2.15250    41.92088
   3   1  -1   4     2.48846     2.52492    35.51147
   3   1   0   4     2.33447     2.69148    33.24773
   3   1   1   4     2.50849     2.50477    35.80684
   3   1   2   4     2.95309     2.12766    42.43379
   3   1   3   4     3.56854     1.76072    51.86631
   3   1   4   4     4.28179     1.46742    63.30014
   3   1   5   4     5.05157     1.24381    76.49604
   3   1   6   4     5.85564     1.07301    91.71421
   3   1   7   4     6.68163     0.94037   109.93558
   3   2  -7   4     7.27377     0.86381   126.09813
   3   2  -6   4     6.53468     0.96151   106.41715
   3   2  -5   4     5.83798     1.07626    91.35860
   3   2  -4   4     5.20071     1.20814    79.18804
   3   2  -3   4     4.64739     1.35198    69.43559
   3   2  -2   4     4.21125     1.49200    62.14009
   3   2  -1   4     3.93147     1.59818    57.60590
   3   2   0   4     3.84236     1.63524    56.18275
   3   2   1   4     3.95684     1.58793    58.01284
   3   2   2   4     4.25850     1.47545    62.91640
   3   2   3   4     4.71154     1.33357    70.53516
   3   2   4   4     5.27710     1.19065    80.58733
   3   2   5   4     5.92305     1.06080    93.08186
   3   2   6   4     6.62591     0.94827   108.58385
   3   3  -5   4     7.02533     0.89436   118.84664
   3   3  -4   4     6.50927     0.96527   105.82340
   3   3  -3   4     6.08042     1.03335    96.34426
   3   3  -2   4     5.75829     1.09115    89.76816
   3   3  -1   4     5.56146     1.12977    85.93017
   3   3   0   4     5.50337     1.14170    84.82054
   3   3   1   4     5.58838     1.12433    86.44789
   3   3   2   4     5.81019     1.08141    90.80133
   3   3   3   4     6.15403     1.02099    97.90608
   3   3   4   4     6.60086     0.95187   107.98311
   3   3   5   4     7.13134     0.88107   121.83980
   3   4  -1   4     7.25345     0.86623   125.47188
   3   4   0   4     7.21248     0.87115   124.22905
   3   4   1   4     7.28098     0.86296   126.32213
   4   0   0   2     2.04182     3.07725    28.98143
   4   0   1   4     2.22750     2.82074    31.68316
   4   0   2   4     2.70924     2.31917    38.78228
   4   0   3   4     3.36209     1.86883    48.66387
   4   0   4   4     4.10522     1.53053    60.40959
   4   0   5   4     4.89771     1.28288    73.76995
   4   0   6   4     5.71906     1.09864    88.99323
   4   0   7   4     6.55845     0.95803   106.97630
   4   1  -7   4     6.76519     0.92875   112.00649
   4   1  -6   4     5.95921     1.05437    93.82260
   4   1  -5   4     5.18093     1.21275    78.82806
   4   1  -4   4     4.44493     1.41356    66.01153
   4   1  -3   4     3.77601     1.66397    55.12911
   4   1  -2   4     3.21630     1.95354    46.42663
   4   1  -1   4     2.83132     2.21917    40.60503
   4   1   0   4     2.69698     2.32971    38.59979
   4   1   1   4     2.84894     2.20545    40.86889
   4   1   2   4     3.24726     1.93492    46.90011
   4   1   3   4     3.81555     1.64673    55.75635
   4   1   4   4     4.48973     1.39946    66.76323
   4   1   5   4     5.22899     1.20161    79.70436
   4   1   6   4     6.00937     1.04557    94.85873
   4   1   7   4     6.81676     0.92173   113.31267
   4   2  -6   4     6.67278     0.94161   109.71939
   4   2  -5   4     5.99216     1.04857    94.50206
   4   2  -4   4     5.37321     1.16936    82.36850
   4   2  -3   4     4.83965     1.29827    72.75400
   4   2  -2   4     4.42251     1.42073    65.63638
   4   2  -1   4     4.15697     1.51148    61.25223
   4   2   0   4     4.07280     1.54272    59.88345
   4   2   1   4     4.18097     1.50281    61.64429
   4   2   2   4     4.46752     1.40641    66.39025
   4   2   3   4     4.90128     1.28195    73.83269
   4   2   4   4     5.44718     1.15347    83.75622
   4   2   5   4     6.07507     1.03426    96.23161
   4   2   6   4     6.76215     0.92917   111.93023
   4   3  -5   4     7.15396     0.87828   122.49676
   4   3  -4   4     6.64790     0.94514   109.11458
   4   3  -3   4     6.22860     1.00876    99.51392
   4   3  -2   4     5.91455     1.06233    92.90837
   4   3  -1   4     5.72309     1.09787    89.07251
   4   3   0   4     5.66666     1.10880    87.96612
   4   3   1   4     5.74925     1.09287    89.58912
   4   3   2   4     5.96508     1.05333    93.94337
   4   3   3   4     6.30047     0.99726   101.08907
   4   3   4   4     6.73760     0.93256   111.31664
   4   3   5   4     7.25810     0.86568   125.61468
   4   4   0   4     7.33783     0.85627   128.11834
   5   0   1   4     2.70311     2.32443    38.69110
   5   0   2   4     3.11208     2.01897    44.83878
   5   0   3   4     3.69442     1.70072    53.84035
   5   0   4   4     4.38154     1.43401    64.95321
   5   0   5   4     5.13153     1.22443    77.93292
   5   0   6   4     5.92054     1.06125    93.03049
   5   0   7   4     6.73486     0.93293   111.24853
   5   1  -7   4     6.93634     0.90584   116.43291
   5   1  -6   4     6.15282     1.02119    97.88039
   5   1  -5   4     5.40251     1.16301    82.91649
   5   1  -4   4     4.70133     1.33647    70.35966
   5   1  -3   4     4.07472     1.54199    59.91454
   5   1  -2   4     3.56226     1.76382    51.76817
   5   1  -1   4     3.21892     1.95195    46.46670
   5   1   0   4     3.10141     2.02591    44.67676
   5   1   1   4     3.23443     1.94260    46.70374
   5   1   2   4     3.59023     1.75008    52.20527
   5   1   3   4     4.11139     1.52824    60.50976
   5   1   4   4     4.74370     1.32453    71.08933
   5   1   5   4     5.44861     1.15317    83.78328
   5   1   6   4     6.20142     1.01319    98.92476
   5   1   7   4     6.98665     0.89931   117.78705
   5   2  -6   4     6.84625     0.91776   114.06996
   5   2  -5   4     6.18474     1.01592    98.56510
   5   2  -4   4     5.58716     1.12457    86.42453
   5   2  -3   4     5.07615     1.23779    76.93614
   5   2  -2   4     4.68013     1.34252    69.99586
   5   2  -1   4     4.43006     1.41831    65.76271
   5   2   0   4     4.35118     1.44402    64.44847
   5   2   1   4     4.45259     1.41113    66.13982
   5   2   2   4     4.72269     1.33042    70.72716
   5   2   3   4     5.13494     1.22361    77.99452
   5   2   4   4     5.65834     1.11043    87.80384
   5   2   5   4     6.26511     1.00289   100.31070
   5   2   6   4     6.93338     0.90622   116.35396
   5   3  -5   4     7.31603     0.85882   127.42266
   5   3  -4   4     6.82200     0.92102   113.44673
   5   3  -3   4     6.41409     0.97959   103.63438
   5   3  -2   4     6.10958     1.02842    96.96003
   5   3  -1   4     5.92442     1.06056    93.10987
   5   3   0   4     5.86994     1.07040    92.00276
   5   3   1   4     5.94970     1.05605    93.62734
   5   3   2   4     6.15851     1.02024    98.00205
   5   3   3   4     6.48391     0.96904   105.23466
   5   3   4   4     6.90944     0.90936   115.71912
   6   0   0   2     3.06272     2.05150    44.08999
   6   0   1   4     3.18952     1.96995    46.01767
   6   0   2   4     3.54277     1.77352    51.46426
   6   0   3   4     4.06386     1.54611    59.73857
   6   0   4   4     4.69725     1.33763    70.28953
   6   0   5   4     5.40359     1.16278    82.93671
   6   0   6   4     6.15784     1.02036    97.98758
   6   0   7   4     6.94439     0.90479   116.64781
   6   1  -7   4     7.13996     0.88000   122.08931
   6   1  -6   4     6.38149     0.98459   102.89685
   6   1  -5   4     5.66157     1.10980    87.86668
   6   1  -4   4     4.99687     1.25742    75.52108
   6   1  -3   4     4.41243     1.42397    65.46808
   6   1  -2   4     3.94409     1.59306    57.80828
   6   1  -1   4     3.63699     1.72758    52.93755
   6   1   0   4     3.53340     1.77822    51.31827
   6   1   1   4     3.65071     1.72108    53.15303
   6   1   2   4     3.96938     1.58291    58.21432
   6   1   3   4     4.44631     1.41312    66.03464
   6   1   4   4     5.03676     1.24747    76.23131
   6   1   5   4     5.70558     1.10124    88.72802
   6   1   6   4     6.42836     0.97742   103.95904
   6   1   7   4     7.18884     0.87402   123.52341
   6   2  -6   4     7.05247     0.89092   119.60006
   6   2  -5   4     6.41227     0.97987   103.59303
   6   2  -4   4     5.83803     1.07625    91.35962
   6   2  -3   4     5.35103     1.17420    81.95528
   6   2  -2   4     4.97693     1.26246    75.16732
   6   2  -1   4     4.74254     1.32486    71.06922
   6   2   0   4     4.66894     1.34574    69.80406
   6   2   1   4     4.76359     1.31900    71.43290
   6   2   2   4     5.01698     1.25239    75.87868
   6   2   3   4     5.40683     1.16208    82.99741
   6   2   4   4     5.90619     1.06383    92.73806
   6   2   5   4     6.48982     0.96816   105.37152
   6   2   6   4     7.13708     0.88036   122.00588
   6   3  -4   4     7.02893     0.89390   118.94614
   6   3  -3   4     6.63376     0.94715   108.77280
   6   3  -2   4     6.33981     0.99107   101.96228
   6   3  -1   4     6.16157     1.01974    98.06763
   6   3   0   4     6.10920     1.02848    96.95204
   6   3   1   4     6.18588     1.01573    98.58971
   6   3   2   4     6.38698     0.98375   103.02049
   6   3   3   4     6.70129     0.93761   110.41784
   6   3   4   4     7.11383     0.88324   121.33566
   7   0   1   4     3.68244     1.70626    53.65168
   7   0   2   4     3.99231     1.57382    58.58327
   7   0   3   4     4.46120     1.40841    66.28407
   7   0   4   4     5.04494     1.24544    76.37752
   7   0   5   4     5.70842     1.10069    88.78399
   7   0   6   4     6.42699     0.97762   103.92799
   7   0   7   4     7.18414     0.87459   123.38409
   7   1  -6   4     6.64159     0.94604   108.96196
   7   1  -5   4     5.95320     1.05543    93.69923
   7   1  -4   4     5.32504     1.17993    81.47274
   7   1  -3   4     4.78088     1.31423    71.73235
   7   1  -2   4     4.35238     1.44362    64.46832
   7   1  -1   4     4.07615     1.54145    59.93770
   7   1   0   4     3.98400     1.57710    58.44950
   7   1   1   4     4.08840     1.53683    60.13646
   7   1   2   4     4.37530     1.43606    64.84937
   7   1   3   4     4.81217     1.30569    72.27550
   7   1   4   4     5.36248     1.17169    82.16858
   7   1   5   4     5.99507     1.04806    94.56243
   7   1   6   4     6.68664     0.93966   110.05805
   7   2  -6   4     7.28866     0.86205   126.56159
   7   2  -5   4     6.67117     0.94184   109.68007
   7   2  -4   4     6.12127     1.02645    97.20799
   7   2  -3   4     5.65869     1.11036    87.81065
   7   2  -2   4     5.30633     1.18409    81.12651
   7   2  -1   4     5.08714     1.23511    77.13340
   7   2   0   4     5.01859     1.25198    75.90751
   7   2   1   4     5.10677     1.23036    77.48641
   7   2   2   4     5.34391     1.17577    81.82297
   7   2   3   4     5.71149     1.10010    88.84424
   7   2   4   4     6.18630     1.01566    98.59875
   7   2   5   4     6.74574     0.93143   111.51967
   7   3  -4   4     7.26589     0.86475   125.85466
   7   3  -3   4     6.88434     0.91268   115.05955
   7   3  -2   4     6.60155     0.95177   107.99967
   7   3  -1   4     6.43058     0.97708   104.00967
   7   3   0   4     6.38041     0.98476   102.87250
   7   3   1   4     6.45387     0.97355   104.54271
   7   3   2   4     6.64686     0.94529   109.08942
   7   3   3   4     6.94943     0.90413   116.78268
   8   0   0   2     4.08363     1.53863    60.05905
   8   0   1   4     4.17957     1.50331    61.62138
   8   0   2   4     4.45500     1.41037    66.18016
   8   0   3   4     4.87962     1.28764    73.45277
   8   0   4   4     5.41848     1.15959    83.21600
   8   0   5   4     6.04107     1.04008    95.51894
   8   0   6   4     6.72419     0.93442   110.98349
   8   1  -6   4     6.92959     0.90672   116.25309
   8   1  -5   4     6.27289     1.00164   100.48136
   8   1  -4   4     5.68018     1.10616    88.23024
   8   1  -3   4     5.17352     1.21449    78.69337
   8   1  -2   4     4.78034     1.31438    71.72288
   8   1  -1   4     4.53028     1.38693    67.44659
   8   1   0   4     4.44755     1.41273    66.05540
   8   1   1   4     4.54131     1.38356    67.63291
   8   1   2   4     4.80122     1.30866    72.08518
   8   1   3   4     5.20245     1.20774    79.21969
   8   1   4   4     5.71530     1.09936    88.91922
   8   1   5   4     6.31264     0.99533   101.35820
   8   1   6   4     6.97277     0.90110   117.41091
   8   2  -5   4     6.95794     0.90302   117.01119
   8   2  -4   4     6.43260     0.97677   104.05589
   8   2  -3   4     5.99410     1.04823    94.54227
   8   2  -2   4     5.66265     1.10958    87.88780
   8   2  -1   4     5.45779     1.15123    83.95641
   8   2   0   4     5.39395     1.16486    82.75623
   8   2   1   4     5.47609     1.14739    84.30260
   8   2   2   4     5.69788     1.10272    88.57689
   8   2   3   4     6.04397     1.03958    95.57947
   8   2   4   4     6.49452     0.96746   105.48051
   8   2   5   4     7.02948     0.89383   118.96121
   8   3  -3   4     7.16258     0.87722   122.74880
   8   3  -2   4     6.89122     0.91177   115.23984
   8   3  -1   4     6.72761     0.93394   111.06841
   8   3   0   4     6.67968     0.94064   109.88778
   8   3   1   4     6.74988     0.93086   111.62303
   8   3   2   4     6.93464     0.90606   116.38752
   8   3   3   4     7.22517     0.86963   124.61118
   9   0   1   4     4.67957     1.34268    69.98621
   9   0   2   4     4.92713     1.27522    74.28738
   9   0   3   4     5.31416     1.18235    81.27129
   9   0   4   4     5.81287     1.08091    90.85505
   9   0   5   4     6.39720     0.98218   103.25142
   9   0   6   4     7.04587     0.89175   119.41610
   9   1  -6   4     7.24215     0.86759   125.12672
   9   1  -5   4     6.61655     0.94962   108.35872
   9   1  -4   4     6.05756     1.03725    95.86393
   9   1  -3   4     5.58524     1.12496    86.38740
   9   1  -2   4     5.22314     1.20295    79.59740
   9   1  -1   4     4.99530     1.25782    75.49320
   9   1   0   4     4.92040     1.27697    74.16884
   9   1   1   4     5.00530     1.25531    75.67099
   9   1   2   4     5.24226     1.19856    79.94735
   9   1   3   4     5.61204     1.11959    86.90486
   9   1   4   4     6.09050     1.03164    96.55676
   9   1   5   4     6.65424     0.94424   109.26827
   9   1   6   4     7.28348     0.86266   126.39997
   9   2  -5   4     7.26929     0.86435   125.95956
   9   2  -4   4     6.76816     0.92835   112.08106
   9   2  -3   4     6.35286     0.98903   102.25390
   9   2  -2   4     6.04112     1.04007    95.51999
   9   2  -1   4     5.84953     1.07414    91.59099
   9   2   0   4     5.79002     1.08518    90.39870
   9   2   1   4     5.86661     1.07101    91.93554
   9   2   2   4     6.07416     1.03441    96.21238
   9   2   3   4     6.39993     0.98176   103.31332
   9   2   4   4     6.82703     0.92034   113.57569
   9   2   5   4     7.33779     0.85628   128.11683
   9   3  -2   4     7.20545     0.87200   124.01832
   9   3  -1   4     7.04914     0.89134   119.50714
   9   3   0   4     7.00340     0.89716   118.24408
   9   3   1   4     7.07040     0.88866   120.10246
   9   3   2   4     7.24699     0.86701   125.27417
  10   0   0   2     5.10454     1.23090    77.44627
  10   0   1   4     5.18161     1.21259    78.84033
  10   0   2   4     5.40623     1.16221    82.98611
  10   0   3   4     5.76116     1.09061    89.82505
  10   0   4   4     6.22416     1.00948    99.41739
  10   0   5   4     6.77310     0.92767   112.20533
  10   1  -5   4     6.98064     0.90009   117.62404
  10   1  -4   4     6.45327     0.97364   104.52893
  10   1  -3   4     6.01212     1.04509    94.91585
  10   1  -2   4     5.67731     1.10672    88.17418
  10   1  -1   4     5.46843     1.14899    84.15761
  10   1   0   4     5.40009     1.16353    82.87116
  10   1   1   4     5.47757     1.14708    84.33067
  10   1   2   4     5.69491     1.10330    88.51870
  10   1   3   4     6.03703     1.04077    95.43454
  10   1   4   4     6.48421     0.96900   105.24162
  10   1   5   4     7.01638     0.89550   118.60016
  10   2  -4   4     7.12451     0.88191   121.64269
  10   2  -3   4     6.73123     0.93344   111.15835
  10   2  -2   4     6.43785     0.97598   104.17566
  10   2  -1   4     6.25841     1.00396   100.16404
  10   2   0   4     6.20282     1.01296    98.95514
  10   2   1   4     6.27438     1.00140   100.51411
  10   2   2   4     6.46885     0.97130   104.88719
  10   2   3   4     6.77568     0.92731   112.27042
  10   2   4   4     7.18047     0.87504   123.27532
  11   0   1   4     5.68515     1.10519    88.32739
  11   0   2   4     5.89059     1.06665    92.42121
  11   0   3   4     6.21794     1.01049    99.28247
  11   0   4   4     6.64921     0.94495   109.14627
  11   0   5   4     7.16566     0.87685   122.83915
  11   1  -4   4     6.86415     0.91536   114.53344
  11   1  -3   4     6.45116     0.97396   104.48035
  11   1  -2   4     6.14034     1.02326    97.61375
  11   1  -1   4     5.94773     1.05640    93.58694
  11   1   0   4     5.88497     1.06767    92.30703
  11   1   1   4     5.95614     1.05491    93.75948
  11   1   2   4     6.15661     1.02056    97.96133
  11   1   3   4     6.47438     0.97047   105.01452
  11   1   4   4     6.89324     0.91150   115.29288
  11   2  -3   4     7.12610     0.88171   121.68859
  11   2  -2   4     6.84965     0.91730   114.15779
  11   2  -1   4     6.68128     0.94042   109.92699
  11   2   0   4     6.62924     0.94780   108.66392
  11   2   1   4     6.69624     0.93832   110.29373
  11   2   2   4     6.87880     0.91341   114.91493
  11   2   3   4     7.16810     0.87655   122.91088
  12   0   0   2     6.12545     1.02575    97.29677
  12   0   1   4     6.18982     1.01508    98.67445
  12   0   2   4     6.37903     0.98497   102.84144
  12   0   3   4     6.68250     0.94025   109.95672
  12   0   4   4     7.08555     0.88676   120.52998
  12   1  -4   4     7.28763     0.86217   126.52922
  12   1  -3   4     6.90003     0.91060   115.47113
  12   1  -2   4     6.61035     0.95051   108.21011
  12   1  -1   4     6.43183     0.97689   104.03835
  12   1   0   4     6.37383     0.98578   102.72446
  12   1   1   4     6.43961     0.97571   104.21591
  12   1   2   4     6.62547     0.94834   108.57303
  12   1   3   4     6.92174     0.90775   116.04470
  12   1   4   4     7.31503     0.85894   127.39120
  12   2  -2   4     7.27397     0.86379   126.10447
  12   2  -1   4     7.11565     0.88301   121.38800
  12   2   0   4     7.06681     0.88911   120.00164
  12   2   1   4     7.12970     0.88127   121.79229
  12   2   2   4     7.30143     0.86054   126.96166
  13   0   1   4     6.69537     0.93844   110.27224
  13   0   2   4     6.87067     0.91449   114.70302
  13   0   3   4     7.15331     0.87836   122.47771
  13   1  -2   4     7.08596     0.88671   120.54160
  13   1  -1   4     6.91972     0.90801   115.99117
  13   1   0   4     6.86585     0.91514   114.57751
  13   1   1   4     6.92695     0.90706   116.18289
  13   1   2   4     7.10006     0.88495   120.94228
  14   0   0   2     7.14635     0.87922   122.27504
  14   0   1   4     7.20161     0.87247   123.90346
