    13.02500     -15.23479      -8.16766      -7.06713      10.88600
    13.12500      -1.63866      -8.12502       6.48636      10.32833
    13.22500     -10.66973      -8.08263      -2.58710      10.85495
    13.32500      -2.85315      -8.04050       5.18735      12.53112
    13.42500      -2.58917      -7.99863       5.40946      12.52109
    13.52500     -12.17582      -7.95702      -4.21880      12.55036
    13.62500       9.46236      -7.91566      17.37801      12.58513
    13.72500      -9.64431      -7.87454      -1.76976      12.53707
    13.82500     -11.71460      -7.83367      -3.88093      12.54570
    13.92500       1.42723      -7.79304       9.22027      12.50804
    14.02500     -11.54364      -7.75264      -3.79099      12.48581
    14.12500      -6.96792      -7.71248       0.74456      12.49814
    14.22500      -8.93161      -7.67253      -1.25908      12.50668
    14.32500      -8.93521      -7.63281      -1.30240      12.56950
    14.42500     -16.41576      -7.59330      -8.82246      12.54093
    14.52500      -3.23811      -7.55399       4.31588      12.57827
    14.62500     -15.75747      -7.51487      -8.24260      12.51862
    14.72500      -9.94980      -7.47594      -2.47386      12.52772
    14.82500     -12.99448      -7.43719      -5.55729      12.51656
    14.92500     -13.99099      -7.39859      -6.59239      12.54543
    15.02500       1.49669      -7.36015       8.85684      12.58795
    15.12500      -9.07557      -7.32185      -1.75372      12.64423
    15.22500      -9.75753      -7.28366      -2.47387      12.64728
    15.32500       9.05697      -7.24558      16.30255      12.69786
    15.42500     -10.54823      -7.20757      -3.34066      12.82482
    15.52500      -1.86356      -7.16962       5.30607      13.04072
    15.62500      -2.54405      -7.13170       4.58765      13.38152
    15.72500     -14.46374      -7.09378      -7.36996      12.89806
    15.82500     -14.43599      -7.05582      -7.38017      11.13186
    15.92500     -19.67357      -7.01778     -12.65578      12.85712
    16.02500     -18.95546      -6.97962     -11.97584      13.21311
    16.12500     -15.21373      -6.94128      -8.27245      12.95387
    16.22500     -15.05732      -6.90269      -8.15464      12.66875
    16.32500      -8.31358      -6.86378      -1.44980      12.57548
    16.42500       5.89648      -6.82446      12.72094      12.50541
    16.52500       1.44784      -6.78463       8.23247      12.47732
    16.62500       1.01325      -6.74416       7.75742      12.47969
    16.72500      -5.70530      -6.70291       0.99761      12.43471
    16.82500     -22.19642      -6.66069     -15.53573      12.40650
    16.92500     -11.99080      -6.61728      -5.37352      12.48300
    17.02500      -6.25525      -6.57242       0.31717      12.46392
    17.12500     -13.42980      -6.52577      -6.90404      12.51114
    17.22500      -3.03060      -6.47691       3.44631      12.40743
    17.32500      -6.43622      -6.42533      -0.01088      12.46001
    17.42500     -13.38832      -6.37036      -7.01796      12.45965
    17.52500      -9.47149      -6.31114      -3.16035      12.50231
    17.62500       0.06406      -6.24654       6.31060      12.47222
    17.72500      -0.97774      -6.17508       5.19735      12.47591
    17.82500      11.03438      -6.09474      17.12912      12.48345
    17.92500     -17.17634      -6.00275     -11.17359      12.51462
    18.02500      -4.26593      -5.89522       1.62929      12.51689
    18.12500      -1.17602      -5.76656       4.59054      12.49830
    18.22500      -4.84657      -5.60849       0.76191      12.61286
    18.32500      -4.60611      -5.40837       0.80226      12.79104
    18.42500     -14.16411      -5.14618      -9.01793      12.50235
    18.52500       1.69348      -4.78857       6.48205      11.22475
    18.62500      11.58379      -4.27327      15.85705      12.48978
    18.72500     -12.56116      -3.43236      -9.12880      15.41138
    18.82500      -8.94807      -1.56241      -7.38566      16.97786
    18.92500       7.25472       4.03815       3.21657      19.25277
    19.02500       5.42787      19.42690     -13.99903      22.07580
    19.12500      69.79834      48.32528      21.47306      24.38662
    19.22500      81.83310      76.66390       5.16920      25.07939
    19.32500      65.40259      72.45214      -7.04955      23.88330
    19.42500      21.83247      41.52642     -19.69395      20.86345
    19.52500      31.64345      15.18081      16.46264      17.31518
    19.62500      -3.45856       2.46375      -5.92231      14.58064
    19.72500       0.45490      -1.91000       2.36490      13.32104
    19.82500      -9.02200      -3.39324      -5.62877      12.99383
    19.92500       1.94682      -4.09163       6.03844      12.82231
    20.02500      12.32771      -4.51931      16.84702      12.81401
    20.12500     -12.81795      -4.80654      -8.01141      12.80166
    20.22500       1.41126      -5.00692       6.41818      12.70978
    20.32500       1.29782      -5.15026       6.44809      12.72428
    20.42500     -15.36938      -5.25469     -10.11469      12.74703
    20.52500     -17.09614      -5.33174     -11.76440      12.80936
    20.62500      -2.57544      -5.38900       2.81357      12.74940
    20.72500       1.84356      -5.43166       7.27522      12.65779
    20.82500      -6.91135      -5.46333      -1.44801      12.60661
    20.92500      -7.06147      -5.48660      -1.57487      12.65712
    21.02500      -1.87262      -5.50335       3.63073      12.70598
    21.12500       2.56020      -5.51171       8.07191      11.00450
    21.22500      -3.20590      -5.51924       2.31335      10.43496
    21.32500      -0.63009      -5.52354       4.89345      10.46280
    21.42500       8.18997      -5.52522      13.71519      12.48409
    21.52500      -8.07612      -5.52480      -2.55132      13.11016
    21.62500     -13.14257      -5.52266      -7.61991      13.06925
    21.72500     -22.55474      -5.51913     -17.03561      13.17769
    21.82500     -10.86110      -5.51446      -5.34664      13.17070
    21.92500       1.71608      -5.50886       7.22494      13.25052
    22.02500      -4.17916      -5.50251       1.32335      13.12088
    22.12500      -6.13497      -5.49555      -0.63943      13.08087
    22.22500      -6.67126      -5.48809      -1.18317      13.03567
    22.32500      -6.61834      -5.48024      -1.13809      13.01417
    22.42500      -2.53451      -5.47209       2.93758      12.98460
    22.52500     -10.82946      -5.46371      -5.36575      12.95278
    22.62500       0.18762      -5.45516       5.64278      12.95422
    22.72500       9.48776      -5.44649      14.93425      12.96065
    22.82500      -0.82843      -5.43775       4.60932      13.03591
    22.92500     -11.00607      -5.42897      -5.57709      13.09834
    23.02500      -5.45190      -5.42020      -0.03170      13.03172
    23.12500      -9.34399      -5.41146      -3.93252      13.10340
    23.22500      -5.77727      -5.40278      -0.37449      13.11527
    23.32500       1.62938      -5.39418       7.02357      13.06010
    23.42500     -10.37664      -5.38569      -4.99095      12.98142
    23.52500      -7.56903      -5.37731      -2.19172      12.88849
    23.62500     -15.02695      -5.36907      -9.65787      13.07637
    23.72500      -2.91527      -5.36098       2.44572      12.99050
    23.82500      -7.33623      -5.35306      -1.98317      11.23291
    23.92500      -7.33804      -5.34531      -1.99273      10.62385
    24.02500     -16.32910      -5.33774     -10.99136      10.61709
    24.12500       4.44573      -5.33037       9.77609      12.39644
    24.22500       2.79288      -5.32319       8.11607      13.01195
    24.32500       6.26476      -5.31623      11.58099      13.02336
    24.42500     -16.06221      -5.30948     -10.75273      13.05173
    24.52500       6.44614      -5.30296      11.74909      13.01129
    24.62500      -9.65525      -5.29666      -4.35860      13.10403
    24.72500     -10.38942      -5.29059      -5.09884      13.04574
    24.82500      -2.04085      -5.28475       3.24391      13.12825
    24.92500      -3.33933      -5.27916       1.93983      13.11781
    25.02500       8.92111      -5.27381      14.19493      13.26936
    25.12500      -1.88110      -5.26871       3.38761      13.34070
    25.22500      -9.44583      -5.26386      -4.18198      13.36795
    25.32500      -7.26280      -5.25926      -2.00354      13.35067
    25.42500       2.28012      -5.25491       7.53503      13.40199
    25.52500       6.33460      -5.25082      11.58542      13.36624
    25.62500      -7.08134      -5.24699      -1.83435      13.33397
    25.72500     -20.72474      -5.24342     -15.48131      13.33073
    25.82500      -7.41094      -5.24012      -2.17082      13.23298
    25.92500      -4.32488      -5.23707       0.91219      13.26531
    26.02500      -2.75290      -5.23430       2.48140      13.28213
    26.12500      -7.15282      -5.23179      -1.92104      13.25915
    26.22500       6.60955      -5.22954      11.83910      13.21579
    26.32500     -18.19413      -5.22757     -12.96656      13.33260
    26.42500       4.30857      -5.22586       9.53443      13.50773
    26.52500      -1.74228      -5.22442       3.48215      12.99781
    26.62500     -14.32895      -5.22326      -9.10569      11.54220
    26.72500     -12.57453      -5.22236      -7.35217      13.01835
    26.82500     -12.25938      -5.22174      -7.03764      16.57328
    26.92500     -17.43139      -5.22138     -12.21001      18.17687
    27.02500     -18.39804      -5.22130     -13.17674      19.07508
    27.12500     -14.94205      -5.22149      -9.72056      18.77199
    27.22500     -12.76781      -5.22195      -7.54586      17.31342
    27.32500     -17.15158      -5.22267     -11.92891      15.24339
    27.42500       3.29089      -5.22367       8.51456      13.76546
    27.52500      -2.76229      -5.22494       2.46265      13.19987
    27.62500      -8.80583      -5.22648      -3.57935      12.96048
    27.72500      -9.90379      -5.22828      -4.67551      12.99663
    27.82500       2.28030      -5.23036       7.51066      12.91956
    27.92500      -9.30909      -5.23270      -4.07639      12.91241
    28.02500      -9.49673      -5.23530      -4.26143      12.85403
    28.12500       4.64063      -5.23817       9.87880      12.83783
    28.22500      -6.35129      -5.24130      -1.10999      12.90660
    28.32500     -19.39503      -5.24469     -14.15034      12.88037
    28.42500       2.99935      -5.24833       8.24769      12.84913
    28.52500      -0.60362      -5.25224       4.64862      12.77331
    28.62500      11.91145      -5.25639      17.16784      12.93265
    28.72500       0.37372      -5.26080       5.63453      12.94016
    28.82500      -1.71954      -5.26546       3.54592      12.91971
    28.92500     -10.45090      -5.27035      -5.18055      12.86227
    29.02500     -10.31569      -5.27549      -5.04020      13.01049
    29.12500     -22.03754      -5.28086     -16.75668      13.08228
    29.22500      -6.44655      -5.28647      -1.16008      11.21233
    29.32500       1.08033      -5.29229       6.37263      10.50927
    29.42500       1.26913      -5.29834       6.56747      10.95582
    29.52500     -18.28984      -5.30460     -12.98524      12.62585
    29.62500     -11.41329      -5.31106      -6.10223      12.56489
    29.72500      -2.40262      -5.31772       2.91509      12.44460
    29.82500     -24.81936      -5.32456     -19.49481      12.46138
    29.92500      -6.74582      -5.33157      -1.41424      12.51420
    30.02500       1.86792      -5.33875       7.20667      12.59179
    30.12500      -9.01543      -5.34607      -3.66936      12.61141
    30.22500      -6.28201      -5.35352      -0.92849      12.57118
    30.32500      -3.97335      -5.36108       1.38773      12.43052
    30.42500     -12.83485      -5.36873      -7.46612      12.42280
    30.52500      -3.08316      -5.37644       2.29328      12.49656
    30.62500      -6.17213      -5.38419      -0.78794      12.46669
    30.72500      -8.74938      -5.39193      -3.35745      12.54010
    30.82500     -22.94286      -5.39963     -17.54323      12.55061
    30.92500       2.65439      -5.40724       8.06164      12.50347
    31.02500      -2.83568      -5.41471       2.57903      12.54303
    31.12500       4.55123      -5.42197       9.97320      12.57432
    31.22500     -11.20888      -5.42894      -5.77994      12.62369
    31.32500      -3.94124      -5.43553       1.49429      12.63502
    31.42500     -10.55330      -5.44162      -5.11169      12.65312
    31.52500      -8.94311      -5.44706      -3.49605      12.80777
    31.62500       0.87775      -5.45170       6.32944      12.91986
    31.72500      -7.42910      -5.45531      -1.97379      13.20647
    31.82500     -11.97863      -5.45762      -6.52101      13.52412
    31.92500      -5.27804      -5.45830       0.18026      13.17176
    32.02500      12.33760      -5.45691      17.79451      11.36437
    32.12500       0.54692      -5.45289       5.99981      11.15506
    32.22500     -11.33822      -5.44548      -5.89274      12.67615
    32.32500      -5.36657      -5.43369       0.06713      13.02511
    32.42500       7.60697      -5.41617      13.02314      12.80311
    32.52500       1.13696      -5.39103       6.52800      12.78447
    32.62500     -11.06405      -5.35559      -5.70846      12.79364
    32.72500      -5.56691      -5.30594      -0.26097      12.89410
    32.82500       1.59450      -5.23618       6.83068      12.72087
    32.92500     -13.83265      -5.13713      -8.69552      12.69972
    33.02500       1.25562      -4.99384       6.24946      12.67730
    33.12500       6.63175      -4.78072      11.41248      12.54912
    33.22500       1.15618      -4.45112       5.60730      12.61694
    33.32500     -15.49498      -3.91310     -11.58188      12.57977
    33.42500       5.04114      -2.96142       8.00256      12.65430
    33.52500       2.60868      -1.00776       3.61644      12.70345
    33.62500      -2.16032       3.92355      -6.08387      12.69301
    33.72500      17.28642      16.19112       1.09530      12.90433
    33.82500      27.90692      30.52780      -2.62087      12.86577
    33.92500      26.37640      18.82895       7.54745      12.92477
    34.02500      -0.39904       5.13451      -5.53355      12.80561
    34.12500      -5.24423      -0.64394      -4.60028      12.74880
    34.22500      -0.87921      -2.91172       2.03251      12.57204
    34.32500      -3.48976      -4.00320       0.51344      12.52827
    34.42500     -13.72434      -4.62809      -9.09625      12.51969
    34.52500      -2.30258      -5.02317       2.72060      12.53060
    34.62500      -7.98361      -5.29149      -2.69213      10.67829
    34.72500      -7.46764      -5.48825      -1.97939      10.11660
    34.82500      -8.97611      -5.63394      -3.34217      10.69223
    34.92500      -5.21294      -5.74849       0.53555      12.49438
    35.02500      -0.55044      -5.84178       5.29134      12.53990
    35.12500      -8.51193      -5.92010      -2.59182      12.54247
    35.22500     -14.14016      -5.98762      -8.15254      12.56774
    35.32500      -9.63776      -6.04717      -3.59060      12.49525
    35.42500      -8.18020      -6.10073      -2.07947      12.63960
    35.52500     -18.07186      -6.14974     -11.92213      12.50874
    35.62500      -0.36431      -6.19523       5.83092      12.41894
    35.72500       9.28184      -6.23799      15.51983      12.43107
    35.82500      -7.03445      -6.27860      -0.75585      12.45817
    35.92500       4.46772      -6.31751      10.78523      12.40063
    36.02500      -9.69498      -6.35509      -3.33989      12.44705
