     6.22500   -9660.43872   -6315.87445   -3344.56427   11136.26246
     6.42500   -3960.57032   -6202.82900    2242.25868   11109.15386
     6.62500   -14448.74729   -6093.91562   -8354.83166   11051.82916
     6.82500   -13044.73558   -5989.15713   -7055.57845   11020.30415
     7.02500   -4568.27688   -5889.12050    1320.84362   10958.28990
     7.22500    1110.63612   -5793.12856    6903.76468   10900.71809
     7.42500   -9555.66173   -5701.03664   -3854.62509   10876.19470
     7.62500     523.88496   -5612.70008    6136.58504   10804.03991
     7.82500   -3992.00342   -5527.97375    1535.97033   10781.40664
     8.02500   -1320.19011   -5446.71164    4126.52154   10776.82154
     8.22500    3101.39898   -5368.76626    8470.16525   10730.29428
     8.42500   -5720.82380   -5293.98795    -426.83585   10671.54885
     8.62500    -373.51959   -5222.22399    4848.70440    8727.68142
     8.82500   -6102.73052   -5153.31766    -949.41286    7534.02161
     9.02500   -6656.10043   -5087.10684   -1568.99359    7513.94158
     9.22500   -11620.76829   -5023.42252   -6597.34577    7484.11724
     9.42500   -5972.21874   -4962.08671   -1010.13204    7494.30308
     9.62500   -3675.21153   -4902.90999    1227.69845    7485.38796
     9.82500   -9845.80817   -4845.68824   -5000.11993    7483.91060
    10.02500   -8467.60385   -4790.19854   -3677.40530    7452.24236
    10.22500    3048.75502   -4736.19376    7784.94878    7459.04359
    10.42500   -5878.25027   -4683.37343   -1194.87683    7449.58520
    10.62500   -4426.95935   -4631.30746     204.34812    7439.41882
    10.82500   -4682.76242   -4579.90980    -102.85262    7411.27653
    11.02500   -10273.88679   -4528.58448   -5745.30230    7430.00635
    11.22500   -3613.43943   -4476.79449     863.35505    6887.31890
    11.42500   -3360.24282   -4423.87510    1063.63228    6031.22782
    11.62500   -3496.62390   -4368.98603     872.36213    6533.17141
    11.82500    1804.99491   -4311.04147    6116.03638    7361.91289
    12.02500    -364.07568   -4248.60557    3884.52989    7358.41415
    12.22500   -2384.43930   -4179.73223    1795.29293    7354.17685
    12.42500   -6594.38482   -4101.71228   -2492.67255    7342.21587
    12.62500   -3527.94460   -4010.66066     482.71606    7334.28848
    12.82500   -4379.16380   -3900.81538    -478.34842    7334.82325
    13.02500   -5932.89521   -3763.28239   -2169.61282    7336.86366
    13.22500   -8440.40235   -3583.57031   -4856.83204    7348.40659
    13.42500   -3584.35069   -3335.86821    -248.48249    7338.50049
    13.62500    1594.75403   -2967.99176    4562.74579    7321.05110
    13.82500   -2035.74710   -2365.92431     330.17721    7320.72139
    14.02500    1061.16868   -1297.36776    2358.53643    6494.36723
    14.22500    4379.07487     595.14710    3783.92777    6487.80619
    14.42500    4225.09338    3671.15968     553.93370    7320.12187
    14.62500    4015.87982    8270.34313   -4254.46331    7325.05800
    14.82500   13940.76705   14317.07128    -376.30423    7350.18645
    15.02500   22916.53910   19450.13560    3466.40350    7373.34929
    15.22500   19150.69500   17454.42723    1696.26777    7374.33671
    15.42500    7664.36021    9234.16436   -1569.80414    7339.69126
    15.62500    -403.11881    2939.29092   -3342.40973    7307.30987
    15.82500    1520.62540    -254.11954    1774.74494    7309.50054
    16.02500     790.92932   -1738.68420    2529.61352    7281.94952
    16.22500    1275.69245   -2498.41711    3774.10956    7282.55489
    16.42500   -9858.55122   -2948.30203   -6910.24919    7283.13527
    16.62500   -3342.31421   -3240.88994    -101.42427    7285.84411
    16.82500   -2659.45640   -3441.63397     782.17757    6273.55269
    17.02500   -9066.57456   -3584.41711   -5482.15745    7299.89811
    17.22500   -7853.58613   -3689.02381   -4164.56232    7300.03163
    17.42500   -1547.07423   -3768.11763    2221.04340    7297.75601
    17.62500   -5407.05014   -3828.78681   -1578.26333    7325.54140
    17.82500   -3263.76125   -3876.04981     612.28856    7290.66017
    18.02500   -5191.17931   -3913.31768   -1277.86163    7316.99468
    18.22500   -6799.93092   -3942.97039   -2856.96053    7353.33753
    18.42500   -1819.48265   -3966.70635    2147.22370    7395.15885
    18.62500    4142.66389   -3985.76153    8128.42542    7444.05491
    18.82500   -1567.63336   -4001.05083    2433.41747    7581.63636
    19.02500   -6594.33966   -4013.26162   -2581.07804    7848.22452
    19.22500   -13178.39976   -4022.91715   -9155.48261    8248.20561
    19.42500   -5061.89189   -4030.42028   -1031.47162    8222.38980
    19.62500   -5646.85357   -4036.08438   -1610.76919    8301.39477
    19.82500    -822.62300   -4040.15538    3217.53238    9139.09841
    20.02500   -1228.52250   -4042.82779    2814.30528    8432.91808
    20.22500     784.73904   -4044.25652    4828.99557    7989.65455
    20.42500    -232.71572   -4044.56574    3811.85002    7744.05674
    20.62500   -8123.40211   -4043.85545   -4079.54666    7616.20345
    20.82500   -3755.92343   -4042.20662     286.28319    7534.97315
    21.02500   -9140.85687   -4039.68511   -5101.17176    7542.71891
    21.22500   -6894.87960   -4036.34464   -2858.53496    7530.18776
    21.42500   -5790.83295   -4032.22921   -1758.60374    7530.87203
    21.62500   -1250.17048   -4027.37494    2777.20446    7547.87632
    21.82500   -6137.20053   -4021.81158   -2115.38895    7602.21413
    22.02500   -2884.94658   -4015.56367    1130.61709    7531.21929
    22.22500   -5717.98366   -4008.65153   -1709.33213    6513.20322
    22.42500   -1082.99866   -4001.09196    2918.09331    7894.37159
    22.62500   -9534.18994   -3992.89696   -5541.29298    9136.97862
    22.82500   -5280.47443   -3983.69230   -1296.78213    9638.07906
    23.02500   -3074.63522   -3974.26000     899.62478    9321.70664
    23.22500   -3559.80701   -3964.22303     404.41602    8528.79087
    23.42500   -1297.55248   -3953.58779    2656.03531    8044.34392
    23.62500   -4214.22479   -3942.35939    -271.86540    7831.52305
    23.82500    -338.49195   -3930.54181    3592.04986    7700.01843
    24.02500   -6279.02568   -3918.13798   -2360.88771    7647.45923
    24.22500   -2707.93561   -3905.14979    1197.21418    7625.73120
    24.42500   -3813.67598   -3891.57812      77.90215    7624.87834
    24.62500   -5472.28654   -3877.42278   -1594.86376    7604.97271
    24.82500   -5415.11915   -3862.68239   -1552.43676    6717.62977
    25.02500   -4902.30647   -3847.35430   -1054.95217    6386.30974
    25.22500   -5560.27405   -3831.43432   -1728.83973    7561.93523
    25.42500     741.74735   -3814.91651    4556.66387    7550.12137
    25.62500   -1070.15458   -3797.79284    2727.63826    7557.20749
    25.82500   -1047.50580   -3780.05270    2732.54690    7544.63513
    26.02500   -6562.48231   -3761.68243   -2800.79988    7516.98369
    26.22500   -2304.51277   -3742.66445    1438.15168    7528.37133
    26.42500   -4812.86450   -3722.97615   -1089.88836    7540.18428
    26.62500   -1070.15458   -3702.58991    2632.43534    7534.36150
    26.82500     668.13884   -3681.47047    4349.60931    7529.56826
    27.02500   -8861.33288   -3659.57338   -5201.75950    7531.26745
    27.22500    1676.00929   -3636.84259    5312.85188    7510.51933
    27.42500     798.36929   -3613.20726    4411.57655    7516.30247
    27.62500   -8642.27411   -3588.57744   -5053.69668    6285.80234
    27.82500   -2782.93278   -3562.83834     779.90556    7271.17581
    28.02500   -7093.19365   -3535.84256   -3557.35109    7453.61499
    28.22500    3741.46478   -3507.39922    7248.86400    7464.82527
    28.42500   -4905.10487   -3477.25890   -1427.84597    7461.66145
    28.62500   -7360.44114   -3445.09202   -3915.34912    7458.90642
    28.82500   -3535.46151   -3410.45746    -125.00406    7480.84453
    29.02500   -6180.09808   -3372.75604   -2807.34204    7490.22819
    29.22500   -7121.03193   -3331.15978   -3789.87215    7478.65899
    29.42500   -3880.65618   -3284.50162    -596.15456    7490.16586
    29.62500   -1614.62022   -3231.09824    1616.47802    7537.19618
    29.82500   -6068.74496   -3168.45582   -2900.28914    7566.74305
    30.02500   -7661.09456   -3092.76192   -4568.33263    7658.22930
    30.22500   -10966.91650   -2997.96707   -7968.94943    6933.79494
    30.42500   -4532.23884   -2874.00947   -1658.22937    7178.94786
    30.62500    3632.72073   -2702.88810    6335.60884    8275.42240
    30.82500     389.41059   -2447.85149    2837.26208    8052.16959
    31.02500    -458.75768   -2020.39986    1561.64218    7694.02178
    31.22500    1803.02439   -1198.93412    3001.95851    7503.39410
    31.42500    4043.46889     464.57207    3578.89682    7401.42471
    31.62500    1568.31115    3409.10934   -1840.79819    7376.70013
    31.82500    1803.02439    6891.77809   -5088.75371    7364.03519
    32.02500    5291.71654    7595.63828   -2303.92174    7353.15400
    32.22500    9601.90502    4225.40367    5376.50134    7339.22016
    32.42500     890.84341     922.38886     -31.54545    7325.95968
    32.62500    4603.58002    -896.06870    5499.64872    7311.64015
    32.82500   -6305.25096   -1744.73459   -4560.51638    7307.74701
    33.02500   -4952.95008   -2151.11350   -2801.83658    6173.46791
    33.22500    2920.73015   -2371.87835    5292.60850    6884.41069
    33.42500     638.64426   -2503.95767    3142.60192    7364.26342
    33.62500   -6418.91599   -2586.17378   -3832.74222    7347.48272
    33.82500   -4156.59990   -2637.58678   -1519.01312    7354.72935
    34.02500    3929.28584   -2668.86738    6598.15323    7359.56484
    34.22500   -4421.79963   -2686.36916   -1735.43048    7351.41393
    34.42500     779.36248   -2694.00118    3473.36366    7327.18872
    34.62500   -5017.14597   -2694.18090   -2322.96507    7356.00776
    34.82500    2792.71556   -2688.31953    5481.03509    7345.23456
    35.02500   -2792.71556   -2677.02343    -115.69213    7351.12502
    35.22500     194.84062   -2660.04088    2854.88150    7366.58827
    35.42500   -2906.37259   -2635.73425    -270.63834    7347.90012
    35.62500   -1053.31403   -2599.11623    1545.80219    6477.64610
    35.82500    -676.48722   -2536.44408    1859.95686    6463.99725
    36.02500   -1508.56284   -2417.97104     909.40820    7298.21749
    36.22500    3156.70800   -2210.74950    5367.45751    7300.46867
    36.42500     359.69292   -1967.76264    2327.45555    7291.62894
    36.62500   -4418.31750   -1932.35929   -2485.95820    7296.18336
    36.82500    2190.36882   -2149.11617    4339.48499    7295.09202
    37.02500   -3709.66876   -2338.87289   -1370.79587    7293.24595
    37.22500   -3763.35427   -2433.10533   -1330.24894    7290.10662
    37.42500   -9443.28126   -2469.36384   -6973.91742    7310.57835
    37.62500   -4504.21431   -2479.86992   -2024.34439    7302.71430
    37.82500   -5475.92205   -2479.43450   -2996.48755    7299.01452
    38.02500   -1750.14764   -2473.60915     723.46152    7310.58499
    38.22500    1118.34120   -2464.67932    3583.02052    7134.73518
    38.42500     -53.56714   -2453.77598    2400.20883    5954.42323
    38.62500   -5215.74658   -2441.50964   -2774.23694    6769.12415
    38.82500   -4537.60680   -2428.20803   -2109.39877    7268.44653
    39.02500   -5654.88048   -2414.02582   -3240.85466    7272.58992
    39.22500   -4168.69568   -2398.99801   -1769.69766    7294.66320
    39.42500   -2260.89816   -2383.06388     122.16572    7321.64393
    39.62500   -4337.34076   -2366.07302   -1971.26774    7429.67718
    39.82500   -1533.61624   -2347.77816     814.16192    7610.21815
    40.02500   -3130.47438   -2327.81520    -802.65918    7894.89025
    40.22500     -57.97175   -2305.66798    2247.69623    8216.47846
    40.42500     300.39906   -2280.61148    2581.01054    8476.05207
    40.62500   -3726.00233   -2251.62201   -1474.38032    8517.37856
    40.82500   -6403.24304   -2217.23374   -4186.00931    8093.12254
    41.02500     -49.44600   -2175.30402    2125.85802    6630.47110
    41.22500   -2398.08626   -2122.61712    -275.46914    6881.10679
    41.42500   -3063.33714   -2054.18849   -1009.14865    7780.28127
    41.62500    1484.72087   -1961.98558    3446.70645    7729.91505
    41.82500   -8075.00364   -1832.42993   -6242.57371    7710.29100
    42.02500   -1684.24858   -1640.95017     -43.29841    7686.87215
    42.22500    3139.62714   -1337.23144    4476.85858    7673.72600
    42.42500   -3667.78872    -798.49154   -2869.29717    7654.25778
    42.62500    4747.58571     289.10875    4458.47696    7658.79018
    42.82500    9847.27915    2553.08041    7294.19873    7657.36131
    43.02500    2623.20249    6467.08274   -3843.88025    7665.43712
    43.22500    3098.54791    9727.11910   -6628.57119    7663.51583
    43.42500    7194.73435    7567.70590    -372.97156    7692.60494
    43.62500    4513.81855    3309.06781    1204.75073    7493.33972
    43.82500    1094.66445     654.50019     440.16425    6188.34035
    44.02500   -1391.70664    -632.06657    -759.64007    7532.42374
    44.22500   -3449.53701   -1253.72679   -2195.81022    7737.14282
    44.42500   -1151.82475       0.00000   -1151.82475    7738.10202
    44.62500   -4571.67556       0.00000   -4571.67556    7805.26231
    44.82500   -1359.62819       0.00000   -1359.62819    7878.88544
    45.02500   -9594.58144       0.00000   -9594.58144    7993.47266
    45.22500   -14575.92663       0.00000   -14575.92663    8085.84915
    45.42500   -7659.04087       0.00000   -7659.04087    8069.17465
    45.62500    2547.07638       0.00000    2547.07638    8062.28001
    45.82500   -3099.23980       0.00000   -3099.23980    8120.63057
    46.02500   -3099.23980       0.00000   -3099.23980    8301.05706
    46.22500   -2363.02191   -1555.75536    -807.26655    8688.92628
    46.42500   -2435.91569    -874.36839   -1561.54730    8208.02193
    46.62500    4919.50074    -179.57996    5099.08070    9417.18596
    46.82500   -3228.57896    -503.85038   -2724.72858   10803.22795
    47.02500   -4851.17525   -1359.96259   -3491.21265   10453.88544
    47.22500   -1096.49851   -1913.56722     817.06870    9463.39680
    47.42500   -4696.11485   -2191.90610   -2504.20875    8679.86229
    47.62500   -5128.06881   -2335.82634   -2792.24247    8152.04576
    47.82500     764.22624   -2421.83184    3186.05808    7858.06757
    48.02500    2015.78515   -2480.39854    4496.18369    7666.45434
    48.22500   -1860.72475   -2523.64047     662.91571    7560.30876
    48.42500   -5094.84158   -2557.19878   -2537.64281    7497.79220
    48.62500   -3245.19257   -2583.99300    -661.19957    7451.80089
    48.82500     238.12847   -2605.55226    2843.68073    7427.42762
    49.02500   -6830.50224   -2622.59374   -4207.90850    7207.98480
    49.22500   -1968.14939   -2635.28844     667.13905    5968.97298
    49.42500   -1432.50438   -2643.36590    1210.86151    7108.32893
    49.62500   -5958.37200   -2646.11862   -3312.25339    7270.77484
    49.82500   -3491.14850   -2642.31475    -848.83374    7245.52731
    50.02500   -4705.69782   -2630.00241   -2075.69541    7257.77592
    50.22500    1225.44214   -2606.14389    3831.58603    7243.67010
    50.42500   -2744.99039   -2565.95722    -179.03317    7253.14023
    50.62500     157.94588   -2501.68011    2659.62599    7270.66151
    50.82500   -4210.07455   -2400.07538   -1809.99917    7274.65027
    51.02500   -3099.00701   -2237.15169    -861.85532    7331.23425
    51.22500   -2685.07989   -1964.92168    -720.15821    7383.43182
    51.42500   -1062.04985   -1473.15892     411.10906    7455.56753
    51.62500   -3730.79051    -488.56439   -3242.22613    7450.51013
    51.82500    2864.00122    1546.08315    1317.91806    6578.32418
    52.02500   11081.47861    5040.41675    6041.06186    6559.68285
    52.22500    8201.03364    8000.11448     200.91916    7355.71032
    52.42500    7814.19243    6713.32139    1100.87104    7331.05344
    52.62500   -3094.72968    2716.25839   -5810.98807    7317.19895
    52.82500   -4017.62227      27.15343   -4044.77571    7291.26798
    53.02500    7034.98371   -1294.90065    8329.88436    7280.50237
    53.22500   -3094.72968   -1945.62950   -1149.10017    7281.51120
    53.42500     353.68339   -2300.33152    2654.01491    7236.56209
    53.62500   -10511.02829   -2511.23074   -7999.79755    7231.72688
    53.82500   -5095.25136   -2639.46387   -2455.78749    7237.56071
    54.02500   -9013.40018   -2711.50379   -6301.89639    7242.10608
    54.22500   -6570.77426   -2736.89176   -3833.88250    7239.88063
    54.42500     493.96765   -2712.37993    3206.34758    7069.30571
    54.62500    1506.32136   -2617.92752    4124.24887    5932.01697
    54.82500     988.28473   -2399.07975    3387.36448    7200.71788
    55.02500     532.28022   -1917.86076    2450.14098    7370.83799
    55.22500   -6393.08608    -878.81706   -5514.26902    7387.62350
    55.42500    -732.60073     719.39293   -1451.99366    7375.45084
    55.62500   -2609.89011     741.27368   -3351.16379    7367.12357
    55.82500     663.91941    -903.18681    1567.10623    7359.41003
    56.02500    -972.98535   -1985.43118    1012.44583    7371.60625
    56.22500   -2775.86996   -2503.79974    -272.07022    7334.20683
    56.42500     -91.57509   -2762.39150    2670.81641    7335.96045
    56.62500   -3222.29853   -2903.01250    -319.28604    7358.72643
    56.82500    2386.67582   -2984.16149    5370.83731    7383.30720
    57.02500   -1385.07326   -3031.74449    1646.67123    7385.51704
    57.22500     171.61760   -3058.46747    3230.08506    6600.03471
    57.42500    -746.91109   -3071.09519    2324.18409    6670.46499
    57.62500   -7028.99443   -3073.46038   -3955.53405    7570.92765
    57.82500   -8818.29898   -3067.84147   -5750.45751    7691.07651
    58.02500     780.99938   -3055.64265    3836.64203    7824.17778
    58.22500    -507.06676   -3037.75106    2530.68429    7948.56613
    58.42500   -2727.66948   -3014.73434     287.06486    7949.62786
    58.62500   -2646.07253   -2986.95519     340.88266    7888.51343
    58.82500    -920.87987   -2954.64028    2033.76042    7811.14109
    59.02500    3916.65361   -2917.92329    6834.57690    7745.34617
    59.22500   -2477.05028   -2876.87249     399.82221    7695.11831
    59.42500   -7658.45661   -2831.50902   -4826.94760    7682.20130
    59.62500   -4983.24232   -2781.81922   -2201.42310    7638.36102
    59.82500   -1902.20651   -2727.76313     825.55662    7383.14210
    60.02500   -7634.45303   -2669.28051   -4965.17252    6100.96525
