   0   0   1   2     1.76276     3.56440    39.51809
   0   0   2   2     3.52552     1.78220    85.08403
   0   1   0   2     0.51085    12.29950    11.24474
   0   1   1   4     1.83529     3.42354    41.21635
   0   1   2   4     3.56234     1.76378    86.18714
   0   2   0   2     1.02170     6.14975    22.59962
   0   2   1   4     2.03745     3.08385    46.00175
   0   2   2   4     3.67058     1.71177    89.48963
   0   3   0   2     1.53255     4.09983    34.18490
   0   3   1   4     2.33581     2.68993    53.22656
   0   3   2   4     3.84422     1.63445    94.99545
   0   4   0   2     2.04340     3.07487    46.14379
   0   4   1   4     2.69866     2.32826    62.33671
   0   4   2   4     4.07490     1.54193   102.79446
   0   5   0   2     2.55424     2.45990    58.66241
   0   5   1   4     3.10346     2.02457    73.05202
   0   5   2   4     4.35356     1.44323   113.21769
   0   6   0   2     3.06509     2.04992    72.00617
   0   6   1   4     3.53583     1.77700    85.39199
   0   6   2   4     4.67163     1.34497   127.25695
   0   7   0   2     3.57594     1.75707    86.59715
   0   7   1   4     3.98681     1.57599    99.74248
   0   8   0   2     4.08679     1.53744   103.21443
   0   8   1   4     4.45075     1.41171   117.20480
   0   9   0   2     4.59764     1.36661   123.70672
   1   0  -2   2     3.55334     1.76825    85.91645
   1   0  -1   2     1.81775     3.45657    40.80482
   1   0   0   2     0.44373    14.16000     9.76342
   1   0   1   2     1.81775     3.45657    40.80482
   1   0   2   2     3.55334     1.76825    85.91645
   1   1  -2   4     3.58987     1.75025    87.01846
   1   1  -1   4     1.88817     3.32766    42.46047
   1   1   0   4     0.67665     9.28567    14.91259
   1   1   1   4     1.88817     3.32766    42.46047
   1   1   2   4     3.58987     1.75025    87.01846
   1   2  -2   4     3.69731     1.69940    90.31949
   1   2  -1   4     2.08521     3.01322    47.14442
   1   2   0   4     1.11389     5.64074    24.66969
   1   2   1   4     2.08521     3.01322    47.14442
   1   2   2   4     3.69731     1.69940    90.31949
   1   3  -2   4     3.86974     1.62367    95.82902
   1   3  -1   4     2.37759     2.64267    54.25571
   1   3   0   4     1.59549     3.93809    35.63500
   1   3   1   4     2.37759     2.64267    54.25571
   1   3   2   4     3.86974     1.62367    95.82902
   1   4  -2   4     4.09898     1.53286   103.64691
   1   4  -1   4     2.73490     2.29741    63.26972
   1   4   0   4     2.09102     3.00484    47.28381
   1   4   1   4     2.73490     2.29741    63.26972
   1   4   2   4     4.09898     1.53286   103.64691
   1   5  -2   4     4.37611     1.43579   114.12378
   1   5  -1   4     3.13503     2.00419    73.91759
   1   5   0   4     2.59250     2.42360    59.62908
   1   5   1   4     3.13503     2.00419    73.91759
   1   5   2   4     4.37611     1.43579   114.12378
   1   6  -1   4     3.56357     1.76317    86.22407
   1   6   0   4     3.09705     2.02877    72.87658
   1   6   1   4     3.56357     1.76317    86.22407
   1   7  -1   4     4.01143     1.56632   100.58557
   1   7   0   4     3.60337     1.74370    87.42814
   1   7   1   4     4.01143     1.56632   100.58557
   1   8  -1   4     4.47282     1.40475   118.14185
   1   8   0   4     4.11081     1.52845   104.06838
   1   8   1   4     4.47282     1.40475   118.14185
   1   9   0   4     4.61900     1.36029   124.71018
   2   0  -2   2     3.63550     1.72828    88.40925
   2   0  -1   2     1.97355     3.18370    44.48048
   2   0   0   2     0.88746     7.08000    19.59863
   2   0   1   2     1.97355     3.18370    44.48048
   2   0   2   2     3.63550     1.72828    88.40925
   2   1  -2   4     3.67122     1.71147    89.50935
   2   1  -1   4     2.03860     3.08212    46.02915
   2   1   0   4     1.02398     6.13602    22.65087
   2   1   1   4     2.03860     3.08212    46.02915
   2   1   2   4     3.67122     1.71147    89.50935
   2   2  -2   4     3.77634     1.66383    92.81017
   2   2  -1   4     2.22233     2.82729    50.45368
   2   2   0   4     1.35331     4.64283    30.08551
   2   2   1   4     2.22233     2.82729    50.45368
   2   2   2   4     3.77634     1.66383    92.81017
   2   3  -2   4     3.94532     1.59257    98.33792
   2   3  -1   4     2.49872     2.51456    57.26748
   2   3   0   4     1.77095     3.54791    39.70946
   2   3   1   4     2.49872     2.51456    57.26748
   2   3   2   4     3.94532     1.59257    98.33792
   2   4  -2   4     4.17041     1.50661   106.22373
   2   4  -1   4     2.84084     2.21174    66.02487
   2   4   0   4     2.22779     2.82037    50.58621
   2   4   1   4     2.84084     2.21174    66.02487
   2   4   2   4     4.17041     1.50661   106.22373
   2   5  -2   4     4.44309     1.41415   116.88236
   2   5  -1   4     3.22786     1.94655    76.49273
   2   5   0   4     2.70402     2.32364    62.47439
   2   5   1   4     3.22786     1.94655    76.49273
   2   5   2   4     4.44309     1.41415   116.88236
   2   6  -1   4     3.64550     1.72354    88.71625
   2   6   0   4     3.19098     1.96904    75.46448
   2   6   1   4     3.64550     1.72354    88.71625
   2   7  -1   4     4.08439     1.53834   103.12962
   2   7   0   4     3.68442     1.70534    89.91856
   2   7   1   4     4.08439     1.53834   103.12962
   2   8  -1   4     4.53837     1.38446   121.00461
   2   8   0   4     4.18204     1.50242   106.65037
   2   8   1   4     4.53837     1.38446   121.00461
   2   9   0   4     4.68251     1.34184   127.79779
   3   0  -2   2     3.76847     1.66730    92.55956
   3   0  -1   2     2.20893     2.84445    50.12828
   3   0   0   2     1.33118     4.72000    29.58232
   3   0   1   2     2.20893     2.84445    50.12828
   3   0   2   2     3.76847     1.66730    92.55956
   3   1  -2   4     3.80294     1.65219    93.66110
   3   1  -1   4     2.26723     2.77130    51.54688
   3   1   0   4     1.42584     4.40666    31.73930
   3   1   1   4     2.26723     2.77130    51.54688
   3   1   2   4     3.80294     1.65219    93.66110
   3   2  -2   4     3.90451     1.60921    96.97552
   3   2  -1   4     2.43377     2.58167    55.64744
   3   2   0   4     1.67807     3.74430    37.54641
   3   2   1   4     2.43377     2.58167    55.64744
   3   2   2   4     3.90451     1.60921    96.97552
   3   3  -2   4     4.06818     1.54447   102.55809
   3   3  -1   4     2.68851     2.33705    62.07602
   3   3   0   4     2.02996     3.09522    45.82311
   3   3   1   4     2.68851     2.33705    62.07602
   3   3   2   4     4.06818     1.54447   102.55809
   3   4  -2   4     4.28682     1.46570   110.59788
   3   4  -1   4     3.00913     2.08804    70.49301
   3   4   0   4     2.43875     2.57639    55.77126
   3   4   1   4     3.00913     2.08804    70.49301
   3   4   2   4     4.28682     1.46570   110.59788
   3   5  -2   4     4.55253     1.38015   121.63986
   3   5  -1   4     3.37691     1.86063    80.72631
   3   5   0   4     2.88031     2.18142    67.06249
   3   5   1   4     3.37691     1.86063    80.72631
   3   5   2   4     4.55253     1.38015   121.63986
   3   6  -1   4     3.77812     1.66305    92.86681
   3   6   0   4     3.34168     1.88025    79.71399
   3   6   1   4     3.77812     1.66305    92.86681
   3   7  -1   4     4.20318     1.49486   107.43195
   3   7   0   4     3.81568     1.64668    94.07123
   3   7   1   4     4.20318     1.49486   107.43195
   3   8  -1   4     4.64556     1.35251   125.98158
   3   8   0   4     4.29813     1.46184   111.03566
   3   8   1   4     4.64556     1.35251   125.98158
   4   0  -2   2     3.94710     1.59185    98.39770
   4   0  -1   2     2.50153     2.51174    57.33777
   4   0   0   2     1.77491     3.54000    39.80194
   4   0   1   2     2.50153     2.51174    57.33777
   4   0   2   2     3.94710     1.59185    98.39770
   4   1  -2   4     3.98002     1.57868    99.51119
   4   1  -1   4     2.55316     2.46095    58.63496
   4   1   0   4     1.84696     3.40190    41.49055
   4   1   1   4     2.55316     2.46095    58.63496
   4   1   2   4     3.98002     1.57868    99.51119
   4   2  -2   4     4.07719     1.54106   102.87535
   4   2  -1   4     2.70213     2.32527    62.42571
   4   2   0   4     2.04797     3.06801    46.25305
   4   2   1   4     2.70213     2.32527    62.42571
   4   2   2   4     4.07719     1.54106   102.87535
   4   3  -2   4     4.23418     1.48392   108.59126
   4   3  -1   4     2.93366     2.14176    68.47457
   4   3   0   4     2.34500     2.67940    53.45239
   4   3   1   4     2.93366     2.14176    68.47457
   4   3   2   4     4.23418     1.48392   108.59126
   4   4  -2   4     4.44467     1.41365   116.94869
   4   4  -1   4     3.23003     1.94524    76.55355
   4   4   0   4     2.70662     2.32142    62.54106
   4   4   1   4     3.23003     1.94524    76.55355
   4   4   2   4     4.44467     1.41365   116.94869
   4   5  -1   4     3.57516     1.75745    86.57367
   4   5   0   4     3.11038     2.02007    73.24131
   4   5   1   4     3.57516     1.75745    86.57367
   4   6  -1   4     3.95632     1.58814    98.70806
   4   6   0   4     3.54191     1.77396    85.57371
   4   6   1   4     3.95632     1.58814    98.70806
   4   7  -1   4     4.36406     1.43976   113.63811
   4   7   0   4     3.99220     1.57386    99.92635
   4   7   1   4     4.36406     1.43976   113.63811
   4   8   0   4     4.45558     1.41018   117.40868
   5   0  -2   2     4.16553     1.50837   106.04523
   5   0  -1   2     2.83367     2.21733    65.83707
   5   0   0   2     2.21864     2.83200    50.36392
   5   0   1   2     2.83367     2.21733    65.83707
   5   0   2   2     4.16553     1.50837   106.04523
   5   1  -2   4     4.19674     1.49716   107.19310
   5   1  -1   4     2.87935     2.18215    67.03704
   5   1   0   4     2.27669     2.75979    51.77784
   5   1   1   4     2.87935     2.18215    67.03704
   5   1   2   4     4.19674     1.49716   107.19310
   5   2  -2   4     4.28900     1.46495   110.68215
   5   2  -1   4     3.01223     2.08589    70.57665
   5   2   0   4     2.44259     2.57235    55.86658
   5   2   1   4     3.01223     2.08589    70.57665
   5   2   2   4     4.28900     1.46495   110.68215
   5   3  -2   4     4.43851     1.41561   116.69028
   5   3  -1   4     3.22155     1.95036    76.31632
   5   3   0   4     2.69649     2.33014    62.28086
   5   3   1   4     3.22155     1.95036    76.31632
   5   3   2   4     4.43851     1.41561   116.69028
   5   4  -2   4     4.63973     1.35421   125.70028
   5   4  -1   4     3.49359     1.79849    84.13507
   5   4   0   4     3.01626     2.08310    70.68509
   5   4   1   4     3.49359     1.79849    84.13507
   5   4   2   4     4.63973     1.35421   125.70028
   5   5  -1   4     3.81495     1.64699    94.04773
   5   5   0   4     3.38327     1.85713    80.90983
   5   5   1   4     3.81495     1.64699    94.04773
   5   6  -1   4     4.17426     1.50522   106.36483
   5   6   0   4     3.78380     1.66055    93.04821
   5   6   1   4     4.17426     1.50522   106.36483
   5   7  -1   4     4.56257     1.37712   122.09408
   5   7   0   4     4.20829     1.49305   107.62194
   5   7   1   4     4.56257     1.37712   122.09408
   5   8   0   4     4.65018     1.35117   126.20578
   6   0  -2   2     4.41786     1.42222   115.83087
   6   0  -1   2     3.19304     1.96777    75.52173
   6   0   0   2     2.66237     2.36000    61.40671
   6   0   1   2     3.19304     1.96777    75.52173
   6   0   2   2     4.41786     1.42222   115.83087
   6   1  -2   4     4.44730     1.41281   117.05933
   6   1  -1   4     3.23365     1.94306    76.65488
   6   1   0   4     2.71093     2.31772    62.65210
   6   1   1   4     3.23365     1.94306    76.65488
   6   1   2   4     4.44730     1.41281   117.05933
   6   2  -2   4     4.53446     1.38565   120.83072
   6   2  -1   4     3.35252     1.87417    80.02459
   6   2   0   4     2.85168     2.20333    66.30913
   6   2   1   4     3.35252     1.87417    80.02459
   6   2   2   4     4.53446     1.38565   120.83072
   6   3  -2   4     4.67613     1.34367   127.48022
   6   3  -1   4     3.54178     1.77402    85.56998
   6   3   0   4     3.07195     2.04534    72.19263
   6   3   1   4     3.54178     1.77402    85.56998
   6   3   2   4     4.67613     1.34367   127.48022
   6   4  -1   4     3.79091     1.65744    93.27545
   6   4   0   4     3.35614     1.87215    80.12844
   6   4   1   4     3.79091     1.65744    93.27545
   6   5  -1   4     4.08897     1.53662   103.29163
   6   5   0   4     3.68949     1.70299    90.07627
   6   5   1   4     4.08897     1.53662   103.29163
   6   6  -1   4     4.42610     1.41958   116.17233
   6   6   0   4     4.05993     1.54761   102.26868
   6   6   1   4     4.42610     1.41958   116.17233
   6   7   0   4     4.45820     1.40935   117.51978
   7   0  -1   2     3.57144     1.75929    86.46114
   7   0   0   2     3.10609     2.02286    73.12397
   7   0   1   2     3.57144     1.75929    86.46114
   7   1  -1   4     3.60779     1.74156    87.56255
   7   1   0   4     3.14782     1.99604    74.26997
   7   1   1   4     3.60779     1.74156    87.56255
   7   2  -1   4     3.71470     1.69144    90.86300
   7   2   0   4     3.26981     1.92157    77.67160
   7   2   1   4     3.71470     1.69144    90.86300
   7   3  -1   4     3.88637     1.61672    96.37560
   7   3   0   4     3.46360     1.81406    83.25040
   7   3   1   4     3.88637     1.61672    96.37560
   7   4  -1   4     4.11468     1.52702   104.20686
   7   4   0   4     3.71797     1.68995    90.96532
   7   4   1   4     4.11468     1.52702   104.20686
   7   5  -1   4     4.39082     1.43098   114.72067
   7   5   0   4     4.02144     1.56242   100.93052
   7   5   1   4     4.39082     1.43098   114.72067
   7   6   0   4     4.36378     1.43985   113.62716
   8   0  -1   2     3.96340     1.58530    98.94748
   8   0   0   2     3.54982     1.77000    85.81097
   8   0   1   2     3.96340     1.58530    98.94748
   8   1  -1   4     3.99619     1.57229   100.06270
   8   1   0   4     3.58639     1.75195    86.91310
   8   1   1   4     3.99619     1.57229   100.06270
   8   2  -1   4     4.09297     1.53512   103.43348
   8   2   0   4     3.69393     1.70095    90.21428
   8   2   1   4     4.09297     1.53512   103.43348
   8   3  -1   4     4.24938     1.47861   109.16564
   8   3   0   4     3.86651     1.62503    95.72328
   8   3   1   4     4.24938     1.47861   109.16564
   8   4  -1   4     4.45915     1.40905   117.56005
   8   4   0   4     4.09594     1.53400   103.53868
   8   4   1   4     4.45915     1.40905   117.56005
   8   5   0   4     4.37326     1.43673   114.00855
   8   6   0   4     4.68999     1.33970   128.17300
   9   0  -1   2     4.36529     1.43935   113.68767
   9   0   0   2     3.99355     1.57333    99.97244
   9   0   1   2     4.36529     1.43935   113.68767
   9   1  -1   4     4.39508     1.42959   114.89443
   9   1   0   4     4.02609     1.56062   101.09120
   9   1   1   4     4.39508     1.42959   114.89443
   9   2  -1   4     4.48326     1.40148   118.58996
   9   2   0   4     4.12217     1.52424   104.47525
   9   2   1   4     4.48326     1.40148   118.58996
   9   3  -1   4     4.62650     1.35809   125.06617
   9   3   0   4     4.27752     1.46889   110.23954
   9   3   1   4     4.62650     1.35809   125.06617
   9   4   0   4     4.48597     1.40063   118.70653
  10   0   0   2     4.43728     1.41600   116.63874
  10   1   0   4     4.46659     1.40671   117.87605
  10   2   0   4     4.55338     1.37989   121.67839
