   0   0   1   2     1.75441     3.58136    39.32317
   0   0   2   2     3.50882     1.79068    84.58691
   0   1   0   2     0.47766    13.15409    10.51207
   0   1   1   4     1.81827     3.45558    40.81706
   0   1   2   4     3.54119     1.77432    85.55211
   0   2   0   2     0.95532     6.57704    21.11393
   0   2   1   4     1.99765     3.14529    45.05320
   0   2   2   4     3.63655     1.72779    88.44126
   0   3   0   2     1.43298     4.38470    31.90252
   0   3   1   4     2.26526     2.77372    51.49870
   0   3   2   4     3.79015     1.65776    93.25131
   0   4   0   2     1.91064     3.28852    42.99074
   0   4   1   4     2.59394     2.42226    59.66547
   0   4   2   4     3.99530     1.57265   100.03212
   0   5   0   2     2.38830     2.63082    54.52045
   0   5   1   4     2.96343     2.12024    69.26806
   0   5   2   4     4.24450     1.48031   108.98083
   0   6   0   2     2.86596     2.19235    66.68452
   0   6   1   4     3.36031     1.86982    80.24836
   0   6   2   4     4.53052     1.38686   120.65520
   0   7   0   2     3.34362     1.87916    79.76953
   0   7   1   4     3.77595     1.66400    92.79760
   0   8   0   2     3.82128     1.64426    94.25207
   0   8   1   4     4.20478     1.49430   107.49127
   0   9   0   2     4.29894     1.46157   111.06729
   0   9   1   4     4.64315     1.35322   125.86520
   1   0  -2   2     3.49111     1.79977    84.06169
   1   0  -1   2     1.75531     3.57952    39.34425
   1   0   0   2     0.36103    17.40355     7.94053
   1   0   1   2     1.82633     3.44034    41.00598
   1   0   2   2     3.56322     1.76335    86.21354
   1   1  -2   4     3.52363     1.78316    85.02770
   1   1  -1   4     1.81914     3.45392    40.83749
   1   1   0   4     0.59875    10.49384    13.18755
   1   1   1   4     1.88776     3.32838    42.45077
   1   1   2   4     3.59509     1.74771    87.17678
   1   2  -2   4     3.61946     1.73595    87.91835
   1   2  -1   4     1.99844     3.14404    45.07207
   1   2   0   4     1.02126     6.15236    22.58990
   1   2   1   4     2.06109     3.04847    46.56691
   1   2   2   4     3.68906     1.70319    90.06279
   1   3  -2   4     3.77376     1.66497    92.72796
   1   3  -1   4     2.26596     2.77286    51.51577
   1   3   0   4     1.47776     4.25183    32.92736
   1   3   1   4     2.32140     2.70663    52.87259
   1   3   2   4     3.84057     1.63600    94.87680
   1   4  -2   4     3.97975     1.57879    99.50179
   1   4  -1   4     2.59455     2.42169    59.68095
   1   4   0   4     1.94445     3.23134    43.79043
   1   4   1   4     2.64311     2.37720    60.91511
   1   4   2   4     4.04315     1.55403   101.68308
   1   5  -2   4     4.22987     1.48543   108.42905
   1   5  -1   4     2.96397     2.11986    69.28234
   1   5   0   4     2.41544     2.60126    55.19228
   1   5   1   4     3.00657     2.08982    70.42422
   1   5   2   4     4.28958     1.46475   110.70458
   1   6  -2   4     4.51681     1.39107   120.04954
   1   6  -1   4     3.36078     1.86956    80.26192
   1   6   0   4     2.88861     2.17516    67.28139
   1   6   1   4     3.39841     1.84886    81.34788
   1   6   2   4     4.57277     1.37404   122.55903
   1   7  -1   4     3.77637     1.66382    92.81097
   1   7   0   4     3.36306     1.86830    80.32728
   1   7   1   4     3.80989     1.64918    93.88481
   1   8  -1   4     4.20516     1.49416   107.50528
   1   8   0   4     3.83830     1.63697    94.80315
   1   8   1   4     4.23529     1.48353   108.63290
   1   9  -1   4     4.64349     1.35312   125.88168
   1   9   0   4     4.31408     1.45644   111.65717
   2   0  -2   2     3.51063     1.78976    84.64057
   2   0  -1   2     1.82893     3.43545    41.06701
   2   0   0   2     0.72206     8.70178    15.91951
   2   0   1   2     1.96308     3.20068    44.23192
   2   0   2   2     3.65266     1.72017    88.93629
   2   1  -2   4     3.54297     1.77342    85.60570
   2   1  -1   4     1.89028     3.32395    42.51010
   2   1   0   4     0.86575     7.25749    19.11478
   2   1   1   4     2.02035     3.10994    45.59396
   2   1   2   4     3.68376     1.70565    89.89797
   2   2  -2   4     3.63829     1.72696    88.49470
   2   2  -1   4     2.06340     3.04506    46.62206
   2   2   0   4     1.19750     5.24692    26.55394
   2   2   1   4     2.18319     2.87799    49.50452
   2   2   2   4     3.77552     1.66419    92.78394
   2   3  -2   4     3.79183     1.65703    93.30483
   2   3  -1   4     2.32345     2.70425    52.92283
   2   3   0   4     1.60462     3.91569    35.84576
   2   3   1   4     2.43045     2.58519    55.56503
   2   3   2   4     3.92369     1.60135    97.61335
   2   4  -2   4     3.99688     1.57202   100.08638
   2   4  -1   4     2.64491     2.37558    60.96095
   2   4   0   4     2.04253     3.07618    46.12306
   2   4   1   4     2.73938     2.29365    63.38546
   2   4   2   4     4.12219     1.52423   104.47585
   2   5  -2   4     4.24600     1.47979   109.03734
   2   5  -1   4     3.00815     2.08872    70.46674
   2   5   0   4     2.49507     2.51824    57.17600
   2   5   1   4     3.09155     2.03238    72.72643
   2   5   2   4     4.36416     1.43972   113.64218
   2   6  -2   4     4.53191     1.38643   120.71732
   2   6  -1   4     3.39981     1.84810    81.38841
   2   6   0   4     2.95552     2.12591    69.05684
   2   6   1   4     3.47382     1.80873    83.55117
   2   6   2   4     4.64280     1.35332   125.84836
   2   7  -1   4     3.81114     1.64864    93.92498
   2   7   0   4     3.42070     1.83681    81.99520
   2   7   1   4     3.87730     1.62050    96.07728
   2   8  -1   4     4.23641     1.48314   108.67519
   2   8   0   4     3.88890     1.61567    96.45925
   2   8   1   4     4.29603     1.46256   110.95425
   2   9   0   4     4.35916     1.44138   113.44173
   3   0  -2   2     3.56677     1.76159    86.32062
   3   0  -1   2     1.96711     3.19412    44.32757
   3   0   0   2     1.08309     5.80118    23.97710
   3   0   1   2     2.15234     2.91924    48.75904
   3   0   2   2     3.77465     1.66458    92.75616
   3   1  -2   4     3.59862     1.74600    87.28375
   3   1  -1   4     2.02427     3.10392    45.68737
   3   1   0   4     1.18374     5.30792    26.24330
   3   1   1   4     2.20470     2.84990    50.02572
   3   1   2   4     3.80475     1.65141    93.71934
   3   2  -2   4     3.69249     1.70161    90.16964
   3   2  -1   4     2.18681     2.87321    49.59228
   3   2   0   4     1.44420     4.35063    32.15904
   3   2   1   4     2.35482     2.66822    53.69431
   3   2   2   4     3.89366     1.61370    96.61629
   3   3  -2   4     3.84387     1.63460    94.98405
   3   3  -1   4     2.43371     2.58173    55.64596
   3   3   0   4     1.79625     3.49795    40.30106
   3   3   1   4     2.58573     2.42995    59.45762
   3   3   2   4     4.03750     1.55621   101.48651
   3   4  -2   4     4.04629     1.55283   101.79221
   3   4  -1   4     2.74227     2.29123    63.46013
   3   4   0   4     2.19628     2.86084    49.82144
   3   4   1   4     2.87804     2.18315    67.00250
   3   4   2   4     4.23066     1.48515   108.45874
   3   5  -2   4     4.29254     1.46375   110.81885
   3   5  -1   4     3.09411     2.03069    72.79635
   3   5   0   4     2.62242     2.39595    60.38825
   3   5   1   4     3.21505     1.95430    76.13474
   3   5   2   4     4.46676     1.40665   117.88337
   3   6  -2   4     4.57555     1.37321   122.68589
   3   6  -1   4     3.47610     1.80754    83.61837
   3   6   0   4     3.06379     2.05079    71.97080
   3   6   1   4     3.58417     1.75304    86.84594
   3   7  -1   4     3.87935     1.61965    96.14444
   3   7   0   4     3.51467     1.78770    84.76068
   3   7   1   4     3.97648     1.58009    99.39064
   3   8  -1   4     4.29787     1.46193   111.02578
   3   8   0   4     3.97181     1.58194    99.23224
   3   8   1   4     4.38574     1.43264   114.51411
   3   9   0   4     4.43328     1.41728   116.47173
   4   0  -2   2     3.65786     1.71772    89.09659
   4   0  -1   2     2.15748     2.91227    48.88326
   4   0   0   2     1.44412     4.35089    32.15710
   4   0   1   2     2.38162     2.63820    54.35536
   4   0   2   2     3.92615     1.60034    97.69568
   4   1  -2   4     3.68891     1.70326    90.05824
   4   1  -1   4     2.20973     2.84342    50.14761
   4   1   0   4     1.52106     4.13079    33.92094
   4   1   1   4     2.42905     2.58668    55.53013
   4   1   2   4     3.95510     1.58863    98.66720
   4   2  -2   4     3.78055     1.66198    92.94441
   4   2  -1   4     2.35953     2.66290    53.81024
   4   2   0   4     1.73150     3.62874    38.78904
   4   2   1   4     2.56608     2.44856    58.96095
   4   2   2   4     4.04071     1.55497   101.59810
   4   3  -2   4     3.92853     1.59937    97.77508
   4   3  -1   4     2.59001     2.42593    59.56611
   4   3   0   4     2.03443     3.08843    45.92971
   4   3   1   4     2.77949     2.26055    64.42421
   4   3   2   4     4.17949     1.50334   106.55664
   4   4  -2   4     4.12680     1.52253   104.64144
   4   4  -1   4     2.88189     2.18023    67.10402
   4   4   0   4     2.39500     2.62346    54.68609
   4   4   1   4     3.05331     2.05783    71.68626
   4   4   2   4     4.36638     1.43899   113.73128
   4   5  -2   4     4.36851     1.43829   113.81725
   4   5  -1   4     3.21850     1.95221    76.23102
   4   5   0   4     2.79096     2.25126    64.72241
   4   5   1   4     3.37285     1.86287    80.60914
   4   5   2   4     4.59551     1.36725   123.60740
   4   6  -2   4     4.64690     1.35212   126.04634
   4   6  -1   4     3.58727     1.75152    86.93957
   4   6   0   4     3.20924     1.95784    75.97262
   4   6   1   4     3.72637     1.68614    91.22909
   4   7  -1   4     3.97926     1.57898    99.48541
   4   7   0   4     3.64215     1.72513    88.61331
   4   7   1   4     4.10511     1.53058   103.86504
   4   8  -1   4     4.38827     1.43181   114.61691
   4   8   0   4     4.08505     1.53809   103.15303
   4   8   1   4     4.50270     1.39543   119.43187
   4   9   0   4     4.53502     1.38548   120.85534
   5   0  -2   2     3.78136     1.66162    92.97013
   5   0  -1   2     2.38760     2.63159    54.50315
   5   0   0   2     1.80514     3.48071    40.50936
   5   0   1   2     2.64052     2.37952    60.84924
   5   0   2   2     4.10391     1.53102   103.82241
   5   1  -2   4     3.81141     1.64852    93.93351
   5   1  -1   4     2.43491     2.58046    55.67581
   5   1   0   4     1.86727     3.36490    41.96818
   5   1   1   4     2.68338     2.34152    61.94456
   5   1   2   4     4.13162     1.52076   104.81488
   5   2  -2   4     3.90017     1.61100    96.83147
   5   2  -1   4     2.57163     2.44327    59.10114
   5   2   0   4     2.04235     3.07645    46.11877
   5   2   1   4     2.80803     2.23758    65.16698
   5   2   2   4     4.21364     1.49115   107.82118
   5   3  -2   4     4.04377     1.55379   101.70466
   5   3  -1   4     2.78461     2.25639    64.55740
   5   3   0   4     2.30477     2.72616    52.46484
   5   3   1   4     3.00430     2.09140    70.36313
   5   3   2   4     4.34690     1.44544   112.95231
   5   4  -2   4     4.23665     1.48306   108.68418
   5   4  -1   4     3.05797     2.05469    71.81283
   5   4   0   4     2.62852     2.39039    60.54343
   5   4   1   4     3.25928     1.92778    77.37476
   5   4   2   4     4.52688     1.38797   120.49409
   5   5  -2   4     4.47243     1.40487   118.12541
   5   5  -1   4     3.37707     1.86054    80.73096
   5   5   0   4     2.99375     2.09877    70.07974
   5   5   1   4     3.56039     1.76475    86.12836
   5   6  -1   4     3.73020     1.68441    91.34933
   5   6   0   4     3.38708     1.85505    81.01978
   5   6   1   4     3.89694     1.61234    96.72459
   5   7  -1   4     4.10858     1.52928   103.98888
   5   7   0   4     3.79978     1.65356    93.55990
   5   7   1   4     4.26054     1.47474   109.58973
   5   8  -1   4     4.50587     1.39445   119.56998
   5   8   0   4     4.22620     1.48672   108.29108
   5   8   1   4     4.64484     1.35272   125.94690
   5   9   0   4     4.66256     1.34758   126.81007
   6   0  -2   2     3.93422     1.59706    97.96531
   6   0  -1   2     2.64712     2.37360    61.01733
   6   0   0   2     2.16617     2.90059    49.09311
   6   0   1   2     2.92118     2.15091    68.14331
   6   0   2   2     4.30467     1.45962   111.29016
   6   1  -2   4     3.96311     1.58542    98.93751
   6   1  -1   4     2.68987     2.33587    62.11091
   6   1   0   4     2.21821     2.83254    50.35357
   6   1   1   4     2.95998     2.12271    69.17574
   6   1   2   4     4.33109     1.45072   112.32592
   6   2  -2   4     4.04854     1.55196   101.87093
   6   2  -1   4     2.81423     2.23265    65.32876
   6   2   0   4     2.36748     2.65396    54.00620
   6   2   1   4     3.07343     2.04436    72.23268
   6   2   2   4     4.40941     1.42495   115.48185
   6   3  -2   4     4.18706     1.50062   106.83552
   6   3  -1   4     3.01009     2.08737    70.51904
   6   3   0   4     2.59726     2.41916    59.74959
   6   3   1   4     3.25373     1.93107    77.21844
   6   3   2   4     4.53692     1.38490   120.94017
   6   4  -2   4     4.37363     1.43661   114.02340
   6   4  -1   4     3.26463     1.92463    77.52527
   6   4   0   4     2.88840     2.17532    67.27580
   6   4   1   4     3.49054     1.80006    84.04484
   6   5  -2   4     4.60240     1.36520   123.92874
   6   5  -1   4     3.56528     1.76233    86.27559
   6   5   0   4     3.22433     1.94868    76.39399
   6   5   1   4     3.77323     1.66520    92.71118
   6   6  -1   4     3.90141     1.61049    96.87255
   6   6   0   4     3.59250     1.74897    87.09814
   6   6   1   4     4.09232     1.53536   103.41014
   6   7  -1   4     4.26463     1.47333   109.74574
   6   7   0   4     3.98398     1.57711    99.64599
   6   7   1   4     4.43995     1.41515   116.75046
   6   8  -1   4     4.64859     1.35163   126.12859
   6   8   0   4     4.39255     1.43042   114.79121
   7   0  -2   2     4.11317     1.52758   104.15275
   7   0  -1   2     2.92822     2.14573    68.33027
   7   0   0   2     2.52720     2.48622    57.98187
   7   0   1   2     3.21791     1.95257    76.21452
   7   0   2   2     4.52537     1.38843   120.42733
   7   1  -2   4     4.14081     1.51738   105.14670
   7   1  -1   4     2.96693     2.11774    69.36139
   7   1   0   4     2.57195     2.44297    59.10916
   7   1   1   4     3.25316     1.93141    77.20263
   7   1   2   4     4.55051     1.38076   121.54907
   7   2  -2   4     4.22265     1.48797   108.15821
   7   2  -1   4     3.08012     2.03992    72.41491
   7   2   0   4     2.70174     2.32561    62.41567
   7   2   1   4     3.35672     1.87182    80.14512
   7   2   2   4     4.62511     1.35849   125.00019
   7   3  -2   4     4.35564     1.44254   113.30087
   7   3  -1   4     3.26005     1.92733    77.39642
   7   3   0   4     2.90520     2.16274    67.71982
   7   3   1   4     3.52255     1.78370    84.99540
   7   4  -2   4     4.53527     1.38540   120.86680
   7   4  -1   4     3.49643     1.79703    84.21938
   7   4   0   4     3.16817     1.98322    74.83192
   7   4   1   4     3.74239     1.67892    91.73339
   7   5  -1   4     3.77869     1.66280    92.88502
   7   5   0   4     3.47717     1.80698    83.65010
   7   5   1   4     4.00736     1.56791   100.44551
   7   6  -1   4     4.09735     1.53348   103.58870
   7   6   0   4     3.82106     1.64436    94.24484
   7   6   1   4     4.30914     1.45811   111.46415
   7   7  -1   4     4.44458     1.41367   116.94507
   7   7   0   4     4.19125     1.49912   106.98997
   7   7   1   4     4.64055     1.35397   125.73976
   7   8   0   4     4.58137     1.37146   122.95341
   8   0  -2   2     4.31497     1.45614   111.69207
   8   0  -1   2     3.22528     1.94810    76.42072
   8   0   0   2     2.88823     2.17544    67.27134
   8   0   1   2     3.52664     1.78163    85.11752
   8   1  -2   4     4.34133     1.44730   112.73079
   8   1  -1   4     3.26046     1.92708    77.40799
   8   1   0   4     2.92746     2.14629    68.31004
   8   1   1   4     3.55885     1.76551    86.08200
   8   2  -2   4     4.41946     1.42171   115.89684
   8   2  -1   4     3.36379     1.86789    80.34840
   8   2   0   4     3.04212     2.06539    71.38343
   8   2   1   4     3.65375     1.71966    88.96987
   8   3  -2   4     4.54669     1.38193   121.37719
   8   3  -1   4     3.52929     1.78030    85.19648
   8   3   0   4     3.22418     1.94877    76.38975
   8   3   1   4     3.80666     1.65058    93.78078
   8   4  -1   4     3.74873     1.67608    91.93384
   8   4   0   4     3.46301     1.81437    83.23304
   8   4   1   4     4.01096     1.56651   100.56925
   8   5  -1   4     4.01328     1.56560   100.64930
   8   5   0   4     3.74778     1.67651    91.90373
   8   5   1   4     4.25925     1.47519   109.54064
   8   6  -1   4     4.31465     1.45624   111.67958
   8   6   0   4     4.06886     1.54421   102.58212
   8   6   1   4     4.54433     1.38264   121.27150
   8   7  -1   4     4.64567     1.35248   125.98697
   8   7   0   4     4.41834     1.42207   115.85050
   9   0  -2   2     4.53656     1.38501   120.92426
   9   0  -1   2     3.53427     1.77779    85.34536
   9   0   0   2     3.24926     1.93373    77.09287
   9   0   1   2     3.84450     1.63433    95.00477
   9   1  -2   4     4.56164     1.37740   122.05195
   9   1  -1   4     3.56641     1.76177    86.30955
   9   1   0   4     3.28418     1.91317    78.07753
   9   1   1   4     3.87406     1.62186    95.97083
   9   2  -2   4     4.63606     1.35529   125.52362
   9   2  -1   4     3.66111     1.71620    89.19695
   9   2   0   4     3.38679     1.85520    81.01143
   9   2   1   4     3.96142     1.58609    98.88042
   9   3  -1   4     3.81373     1.64752    94.00836
   9   3   0   4     3.55121     1.76931    85.85276
   9   3   1   4     4.10288     1.53141   103.78565
   9   4  -1   4     4.01767     1.56389   100.80031
   9   4   0   4     3.76938     1.66690    92.58863
   9   4   1   4     4.29311     1.46355   110.84094
   9   5  -1   4     4.26557     1.47300   109.78175
   9   5   0   4     4.03258     1.55811   101.31578
   9   5   1   4     4.52595     1.38826   120.45267
   9   6  -1   4     4.55026     1.38084   121.53752
   9   6   0   4     4.33260     1.45021   112.38541
   9   7   0   4     4.66235     1.34764   126.79978
  10   0  -1   2     3.85233     1.63101    95.25956
  10   0   0   2     3.61029     1.74036    87.63879
  10   0   1   2     4.16940     1.50698   106.18655
  10   1  -1   4     3.88183     1.61862    96.22604
  10   1   0   4     3.64175     1.72532    88.60094
  10   1   1   4     4.19667     1.49718   107.19048
  10   2  -1   4     3.96901     1.58306    99.13735
  10   2   0   4     3.73454     1.68245    91.48612
  10   2   1   4     4.27744     1.46891   110.23673
  10   3  -1   4     4.11021     1.52868   104.04709
  10   3   0   4     3.88428     1.61759    96.30680
  10   3   1   4     4.40878     1.42515   115.45597
  10   4  -1   4     4.30011     1.46117   111.11272
  10   4   0   4     4.08470     1.53823   103.14033
  10   4   1   4     4.58633     1.36998   123.18211
  10   5  -1   4     4.53259     1.38622   120.74749
  10   5   0   4     4.32876     1.45150   112.23389
  10   6   0   4     4.60955     1.36308   124.26401
  11   0  -1   2     4.17737     1.50410   106.47883
  11   0   0   2     3.97132     1.58214    99.21554
  11   0   1   2     4.49980     1.39632   119.30567
  11   1  -1   4     4.20459     1.49436   107.48430
  11   1   0   4     3.99994     1.57082   100.19113
  11   1   1   4     4.52508     1.38852   120.41452
  11   2  -1   4     4.28521     1.46625   110.53595
  11   2   0   4     4.08461     1.53826   103.13716
  11   2   1   4     4.60009     1.36588   123.82119
  11   3  -1   4     4.41632     1.42272   115.76701
  11   3   0   4     4.22194     1.48822   108.13159
  11   4  -1   4     4.59358     1.36782   123.51788
  11   4   0   4     4.40703     1.42572   115.38414
  11   5   0   4     4.63415     1.35584   125.43202
  12   0  -1   2     4.50789     1.39382   119.65856
  12   0   0   2     4.33235     1.45030   112.37538
  12   1  -1   4     4.53313     1.38606   120.77138
  12   1   0   4     4.35860     1.44156   113.41927
  12   2  -1   4     4.60801     1.36354   124.19175
  12   2   0   4     4.43643     1.41627   116.60307
  12   3   0   4     4.56319     1.37693   122.12205
