     6.02500     -17.99094     -20.39846       2.40752      21.84160
     6.07500     -17.83105     -20.77581       2.94476      21.77483
     6.12500     -30.24679     -21.03303      -9.21376      21.78880
     6.17500     -33.79397     -21.14933     -12.64464      21.76581
     6.22500     -18.28314     -21.10858       2.82544      21.78587
     6.27500     -19.36887     -20.90133       1.53246      21.74468
     6.32500      -4.92937     -20.52544      15.59607      21.59865
     6.37500      -2.91067     -19.98521      17.07454      21.64864
     6.42500      -5.44634     -19.28936      13.84302      21.56731
     6.47500     -15.79760     -18.44840       2.65080      21.80592
     6.52500     -31.73497     -17.47200     -14.26297      21.72196
     6.57500     -30.13581     -16.36706     -13.76874      21.54040
     6.62500      -1.37002     -15.13658      13.76656      21.56213
     6.67500      -8.27030     -13.77925       5.50895      21.73211
     6.72500     -25.55682     -12.28960     -13.26722      21.61642
     6.77500     -20.89943     -10.65835     -10.24108      21.55073
     6.82500     -13.63350      -8.87263      -4.76088      21.75006
     6.87500      -0.56991      -6.91602       6.34612      21.54309
     6.92500      -5.01515      -4.76832      -0.24682      21.50260
     6.97500     -15.01392      -2.40481     -12.60911      21.48007
     7.02500     -17.09846       0.20488     -17.30334      21.57059
     7.07500      11.13880       3.09857       8.04023      21.62300
     7.12500      17.15342       6.32435      10.82907      21.65404
     7.17500      -1.17311       9.94484     -11.11795      21.63483
     7.22500      23.06428      14.04373       9.02055      21.56365
     7.27500      29.47515      18.73525      10.73990      21.65876
     7.32500      52.30376      24.17679      28.12697      21.71565
     7.37500      43.95015      30.58291      13.36725      21.81250
     7.42500      58.77268      38.23496      20.53772      21.72824
     7.47500      49.29132      47.47499       1.81633      21.61876
     7.52500      53.55870      58.66585      -5.10715      21.67096
     7.57500      78.04602      72.09838       5.94763      21.02923
     7.62500      82.19754      87.83584      -5.63829      16.37238
     7.67500      85.97728     105.51206     -19.53478      15.64368
     7.72500     106.01171     124.13943     -18.12772      15.79201
     7.77500     118.68503     142.01903     -23.33400      15.83355
     7.82500     153.65328     156.85205      -3.19877      15.94210
     7.87500     159.07724     166.10474      -7.02750      16.06911
     7.92500     162.08651     167.58034      -5.49384      15.99813
     7.97500     161.34182     160.03911       1.30272      15.81548
     8.02500     156.37160     143.64224      12.72935      15.85998
     8.07500     156.10846     120.02949      36.07897      15.82104
     8.12500     117.54123      91.97146      25.56977      15.65290
     8.17500      65.21917      62.70914       2.51003      15.60281
     8.22500      40.97042      35.21548       5.75494      15.34944
     8.27500      13.28540      11.62653       1.65888      15.29011
     8.32500       7.93229      -7.00581      14.93810      15.21735
     8.37500     -16.79315     -20.63182       3.83867      15.24090
     8.42500     -34.15596     -29.90261      -4.25335      15.01593
     8.47500     -34.61816     -35.80306       1.18491      14.95573
     8.52500     -37.58901     -39.34466       1.75565      14.98275
     8.57500     -38.22496     -41.37829       3.15333      14.95500
     8.62500     -33.08062     -42.52539       9.44476      15.00707
     8.67500     -43.41735     -43.19047      -0.22688      15.03130
     8.72500     -45.91242     -43.61156      -2.30086      15.08998
     8.77500     -50.55733     -43.91641      -6.64092      14.96027
     8.82500     -42.24718     -44.16790       1.92072      15.04759
     8.87500     -57.53203     -44.39457     -13.13747      15.07444
     8.92500     -28.57433     -44.60839      16.03406      14.99258
     8.97500     -22.00497     -44.81403      22.80906      14.92466
     9.02500     -28.60238     -45.01323      16.41084      14.88124
     9.07500     -39.55721     -45.20657       5.64936      14.94902
     9.12500     -54.90777     -45.39431      -9.51346      14.98354
     9.17500     -58.68607     -45.57654     -13.10952      14.86407
     9.22500     -56.89622     -45.75335     -11.14288      14.88786
     9.27500     -51.30019     -45.92478      -5.37541      14.94312
     9.32500     -37.06140     -46.09090       9.02950      15.03020
     9.37500     -45.85809     -46.25176       0.39367      15.02706
     9.42500     -44.53222     -46.40743       1.87521      15.00096
     9.47500     -38.99153     -46.55796       7.56644      14.96335
     9.52500     -44.43948     -46.70341       2.26393      14.91155
     9.57500     -54.44698     -46.84383      -7.60315      14.91994
     9.62500     -52.15455     -46.97928      -5.17527      14.85981
     9.67500     -54.21929     -47.10981      -7.10948      14.93610
     9.72500     -42.28903     -47.23548       4.94646      14.92195
     9.77500     -58.43118     -47.35635     -11.07483      14.95786
     9.82500     -55.76965     -47.47246      -8.29719      14.93868
     9.87500     -55.87690     -47.58388      -8.29302      14.95658
     9.92500     -34.86064     -47.69065      12.83001      14.95335
     9.97500     -45.69370     -47.79283       2.09913      14.85475
    10.02500     -74.26506     -47.89048     -26.37458      14.73900
    10.07500     -52.10574     -47.98364      -4.12210      14.84936
    10.12500     -28.39286     -48.07237      19.67951      14.93046
    10.17500     -49.76344     -48.15672      -1.60672      14.98039
    10.22500     -51.80337     -48.23675      -3.56663      14.58294
    10.27500     -48.21665     -48.31249       0.09584      12.54737
    10.32500     -40.00409     -48.38402       8.37992      12.10781
    10.37500     -43.24543     -48.45137       5.20593      12.08516
    10.42500     -62.06301     -48.51459     -13.54842      12.09175
    10.47500     -65.07204     -48.57375     -16.49829      12.15663
    10.52500     -58.72634     -48.62888     -10.09745      12.14720
    10.57500     -45.37283     -48.68004       3.30721      12.06649
    10.62500     -49.12884     -48.72728      -0.40156      12.46296
    10.67500     -27.66867     -48.77064      21.10196      14.52261
    10.72500     -52.41900     -48.81017      -3.60882      14.84356
    10.77500     -64.78410     -48.84593     -15.93817      14.90162
    10.82500     -49.87561     -48.87796      -0.99765      14.86967
    10.87500     -43.79129     -48.90631       5.11502      14.86954
    10.92500     -40.88332     -48.93102       8.04771      14.88270
    10.97500     -68.79261     -48.95215     -19.84046      14.92919
    11.02500     -87.48027     -48.96974     -38.51053      14.87189
    11.07500     -57.18707     -48.98383      -8.20324      14.77490
    11.12500     -67.95926     -48.99448     -18.96478      14.72540
    11.17500     -55.28347     -49.00173      -6.28174      14.71269
    11.22500     -34.50506     -49.00562      14.50056      14.77366
    11.27500     -50.40567     -49.00620      -1.39947      14.79322
    11.32500     -67.85597     -49.00351     -18.85246      14.83030
    11.37500     -53.53515     -48.99759      -4.53757      14.89309
    11.42500     -60.25831     -48.98845     -11.26986      14.81927
    11.47500     -53.44203     -48.97603      -4.46600      14.85971
    11.52500     -51.25146     -48.96006      -2.29140      14.84621
    11.57500     -49.24851     -48.93971      -0.30880      14.82495
    11.62500     -58.70098     -48.91277      -9.78821      14.79365
    11.67500     -65.10146     -48.87394     -16.22753      14.82414
    11.72500     -45.47079     -48.81152       3.34073      14.83849
    11.77500     -36.54464     -48.70194      12.15730      14.85000
    11.82500     -35.70906     -48.50138      12.79232      14.78879
    11.87500     -55.14857     -48.13521      -7.01336      14.81058
    11.92500     -32.98129     -47.48686      14.50556      14.82268
    11.97500     -28.82616     -46.38993      17.56377      14.80978
    12.02500     -38.65003     -44.62801       5.97798      14.80462
    12.07500     -50.87444     -41.94585      -8.92859      14.79131
    12.12500     -35.96434     -38.07230       2.10796      14.83686
    12.17500     -18.37729     -32.75030      14.37301      14.84132
    12.22500     -34.63454     -25.76507      -8.86947      14.92355
    12.27500     -17.19901     -16.96025      -0.23875      14.97538
    12.32500       3.20490      -6.23484       9.43974      15.06221
    12.37500      21.53387       6.48069      15.05319      15.06383
    12.42500      34.71945      21.26502      13.45443      15.16950
    12.47500      36.97928      38.25733      -1.27805      15.11175
    12.52500      50.14460      57.71572      -7.57112      15.19031
    12.57500      79.30099      80.08396      -0.78297      15.28952
    12.62500     100.76114     106.06997      -5.30883      15.49552
    12.67500     129.30469     136.73147      -7.42678      15.59688
    12.72500     148.96591     173.53871     -24.57280      15.62103
    12.77500     193.35870     218.33918     -24.98049      15.86901
    12.82500     262.07602     273.09971     -11.02370      16.06081
    12.87500     358.41853     339.28923      19.12930      16.41654
    12.92500     439.26663     416.85058      22.41604      16.69698
    12.97500     516.05848     502.93260      13.12588      16.73755
    13.02500     604.43332     590.86435      13.56897      14.64938
    13.07500     687.13982     670.07695      17.06286      14.45635
    13.12500     749.45193     727.56982      21.88211      14.70024
    13.17500     736.77143     750.94923     -14.17780      14.74483
    13.22500     707.46948     732.21099     -24.74152      14.98870
    13.27500     646.60347     670.77888     -24.17541      17.16709
    13.32500     579.34234     574.35396       4.98838      17.32380
    13.37500     465.69660     457.00918       8.68742      16.77223
    13.42500     336.47759     335.24052       1.23707      16.36314
    13.47500     237.15145     223.61167      13.53978      15.89094
    13.52500     119.40068     131.66668     -12.26600      15.40808
    13.57500      44.27439      62.98861     -18.71422      15.10083
    13.62500       3.64988      16.21086     -12.56098      14.94360
    13.67500     -33.87270     -12.93931     -20.93339      14.75397
    13.72500     -33.53934     -29.58795      -3.95139      14.73098
    13.77500     -46.72461     -38.30219      -8.42242      14.73313
    13.82500     -35.03469     -42.46820       7.43351      14.60162
    13.87500     -31.03046     -44.26536      13.23490      14.60197
    13.92500     -44.92752     -44.93678       0.00926      14.57265
    13.97500     -32.42469     -45.11842      12.69373      14.69493
    14.02500     -45.83127     -45.10424      -0.72703      14.75605
    14.07500     -30.91935     -45.01769      14.09834      14.63220
    14.12500     -48.16413     -44.90602      -3.25811      14.71696
    14.17500     -58.75296     -44.78578     -13.96719      14.71908
    14.22500     -33.51345     -44.66229      11.14883      14.78243
    14.27500     -53.61785     -44.53714      -9.08072      14.75590
    14.32500     -39.00913     -44.41078       5.40165      14.70191
    14.37500     -34.23111     -44.28334      10.05223      14.70994
    14.42500     -55.98558     -44.15488     -11.83070      14.65231
    14.47500     -47.09103     -44.02544      -3.06559      14.61817
    14.52500     -45.02979     -43.89504      -1.13476      14.68419
    14.57500     -46.54300     -43.76371      -2.77930      14.72945
    14.62500     -47.33996     -43.63148      -3.70849      14.69828
    14.67500     -36.33931     -43.49837       7.15906      14.62967
    14.72500     -47.03620     -43.36442      -3.67178      14.68998
    14.77500     -52.88337     -43.22965      -9.65372      14.65734
    14.82500     -36.17880     -43.09409       6.91529      14.71296
    14.87500     -50.43366     -42.95776      -7.47590      14.70084
    14.92500     -46.10943     -42.82070      -3.28873      14.74146
    14.97500     -41.85756     -42.68292       0.82536      14.73679
    15.02500     -32.35888     -42.54446      10.18558      14.78093
    15.07500     -39.11187     -42.40533       3.29346      14.78064
    15.12500     -30.36231     -42.26557      11.90326      14.79714
    15.17500     -22.16365     -42.12519      19.96154      14.70757
    15.22500     -33.84929     -41.98423       8.13495      14.76123
    15.27500     -53.26600     -41.84271     -11.42329      14.92972
    15.32500     -49.40104     -41.70065      -7.70039      14.95785
    15.37500     -34.71493     -41.55807       6.84314      15.08714
    15.42500     -31.59825     -41.41500       9.81675      15.13531
    15.47500     -39.82854     -41.27147       1.44293      15.15984
    15.52500     -37.76417     -41.12749       3.36332      15.37224
    15.57500     -28.26384     -40.98309      12.71925      15.66488
    15.62500     -23.50548     -40.83829      17.33282      15.90471
    15.67500     -33.55692     -40.69312       7.13620      16.23626
    15.72500     -57.70276     -40.54759     -17.15517      16.25330
    15.77500     -37.39711     -40.40174       3.00462      14.12745
    15.82500     -51.90445     -40.25557     -11.64888      13.90517
    15.87500     -59.61356     -40.10911     -19.50445      14.43283
    15.92500     -52.42442     -39.96239     -12.46202      16.83208
    15.97500     -65.96486     -39.81543     -26.14943      17.15662
    16.02500     -50.32111     -39.66824     -10.65287      16.94234
    16.07500     -18.19895     -39.52085      21.32190      16.61146
    16.12500     -31.64136     -39.37327       7.73191      16.20529
    16.17500     -71.14502     -39.22553     -31.91949      15.85013
    16.22500     -36.30118     -39.07765       2.77647      15.44498
    16.27500     -49.85409     -38.92965     -10.92444      15.07053
    16.32500     -39.68611     -38.78154      -0.90457      14.92123
    16.37500     -49.08163     -38.63335     -10.44827      14.90207
    16.42500     -45.09112     -38.48510      -6.60602      14.65389
    16.47500     -45.32231     -38.33680      -6.98551      14.59817
    16.52500     -57.62551     -38.18848     -19.43703      14.71432
    16.57500     -41.09314     -38.04015      -3.05300      14.71569
    16.62500     -13.71050     -37.89183      24.18133      14.64644
    16.67500     -31.51843     -37.74353       6.22510      14.58361
    16.72500     -46.83927     -37.59529      -9.24398      14.62849
    16.77500     -27.60892     -37.44711       9.83819      14.57230
    16.82500     -31.08101     -37.29901       6.21800      14.57654
    16.87500     -23.74302     -37.15101      13.40799      14.66084
    16.92500     -15.08694     -37.00313      21.91619      14.62644
    16.97500     -38.85041     -36.85538      -1.99503      14.68982
    17.02500     -33.19388     -36.70778       3.51390      14.59574
    17.07500     -34.14507     -36.56035       2.41529      14.61312
    17.12500      -4.37125     -36.41311      32.04185      14.57019
    17.17500     -38.43685     -36.26606      -2.17079      14.64503
    17.22500     -19.61826     -36.11923      16.50097      14.56532
    17.27500     -32.65123     -35.97263       3.32140      14.55980
    17.32500     -29.03552     -35.82627       6.79075      14.52805
    17.37500     -25.00647     -35.68018      10.67371      14.59886
    17.42500     -11.40239     -35.53437      24.13198      14.63213
    17.47500     -29.47317     -35.38884       5.91567      14.55191
    17.52500     -28.17333     -35.24363       7.07030      14.56998
    17.57500     -52.99807     -35.09873     -17.89933      14.58229
    17.62500     -15.53371     -34.95417      19.42046      14.54007
    17.67500     -21.37070     -34.80997      13.43927      14.57584
    17.72500     -21.72495     -34.66612      12.94117      14.50918
    17.77500     -44.97420     -34.52266     -10.45154      14.59186
    17.82500     -37.64766     -34.37958      -3.26808      14.68012
    17.87500     -21.03967     -34.23691      13.19724      14.66390
    17.92500     -26.90709     -34.09466       7.18757      14.61091
    17.97500     -35.92906     -33.95284      -1.97622      14.47916
    18.02500     -32.01720     -33.81146       1.79426      14.58903
    18.07500     -40.27868     -33.67054      -6.60813      14.70614
    18.12500     -22.21731     -33.53009      11.31279      14.81552
    18.17500     -20.92096       0.00000     -20.92096      14.86755
    18.22500     -13.63817       0.00000     -13.63817      14.80691
    18.27500     -40.34765       0.00000     -40.34765      14.98539
    18.32500     -30.80279       0.00000     -30.80279      15.14827
    18.37500     -27.03945       0.00000     -27.03945      15.33355
    18.42500     -14.55432       0.00000     -14.55432      15.27248
    18.47500     -40.87154       0.00000     -40.87154      13.50887
    18.52500     -16.98697       0.00000     -16.98697      13.44000
    18.57500     -31.41856       0.00000     -31.41856      13.85013
    18.62500     -41.45589       0.00000     -41.45589      14.67406
    18.67500     -28.37208       0.00000     -28.37208      17.86986
    18.72500     -54.56427       0.00000     -54.56427      19.16705
    18.77500     -41.13290       0.00000     -41.13290      20.32029
    18.82500     -50.03164       0.00000     -50.03164      21.74010
    18.87500     -56.86735       0.00000     -56.86735      23.39863
    18.92500     -83.05285       0.00000     -83.05285      25.28207
    18.97500     -79.58183       0.00000     -79.58183      26.82546
    19.02500     -48.52191       0.00000     -48.52191      28.00407
    19.07500     -32.49770       0.00000     -32.49770      28.75868
    19.12500     -25.83538       0.00000     -25.83538      28.79911
    19.17500     -63.13524       0.00000     -63.13524      28.35447
    19.22500     -62.13971       0.00000     -62.13971      27.36713
    19.27500     -51.94875       0.00000     -51.94875      25.78667
    19.32500     -32.21361       0.00000     -32.21361      23.78775
    19.37500     -39.45091       0.00000     -39.45091      21.49832
    19.42500     -62.45708       0.00000     -62.45708      19.39279
    19.47500     -47.97813       0.00000     -47.97813      17.56346
    19.52500     -39.16891       0.00000     -39.16891      16.20356
    19.57500     -48.14491       0.00000     -48.14491      15.56413
    19.62500     -30.28332       0.00000     -30.28332      15.24935
    19.67500      -2.78557       0.00000      -2.78557      15.00106
    19.72500     -21.37455       0.00000     -21.37455      15.04299
    19.77500     -21.08381       0.00000     -21.08381      15.01859
    19.82500     -48.67061     -29.11141     -19.55920      14.98129
    19.87500     -34.36618     -28.99388      -5.37230      14.93597
    19.92500     -35.50366     -28.87715      -6.62651      14.87907
    19.97500     -26.78873     -28.76124       1.97251      14.87131
    20.02500     -12.29516     -28.64614      16.35098      14.82747
    20.07500      -8.84527     -28.53186      19.68659      14.82886
    20.12500     -21.31251     -28.41840       7.10590      14.79366
    20.17500     -60.39061     -28.30578     -32.08483      14.89771
    20.22500     -27.62351     -28.19400       0.57049      14.76836
    20.27500     -14.13557     -28.08306      13.94749      14.86307
    20.32500     -23.61517     -27.97297       4.35780      14.95124
    20.37500     -27.09756     -27.86373       0.76618      14.99709
    20.42500     -16.56143     -27.75536      11.19392      14.93217
    20.47500     -13.26500     -27.64784      14.38284      14.90975
    20.52500     -13.87795     -27.54120      13.66325      15.02463
    20.57500     -33.56789     -27.43542      -6.13247      15.06227
    20.62500     -29.78907     -27.33053      -2.45854      15.10299
    20.67500     -33.49148     -27.22651      -6.26497      14.98803
    20.72500     -25.82240     -27.12338       1.30098      15.02909
    20.77500     -31.23983     -27.02114      -4.21869      15.19988
    20.82500     -24.85103     -26.91979       2.06876      15.26118
    20.87500     -14.40254     -26.81934      12.41679      15.49716
    20.92500     -25.15076     -26.71978       1.56902      15.52793
    20.97500     -37.39431     -26.62113     -10.77318      15.72233
    21.02500     -35.57304     -26.52339      -9.04965      15.90466
    21.07500     -19.35622     -26.42656       7.07034      15.54206
    21.12500     -19.69722     -26.33064       6.63342      13.44596
    21.17500      -9.12943     -26.23563      17.10620      13.03911
    21.22500      -8.85309     -26.14154      17.28844      12.90687
    21.27500     -21.13117     -26.04837       4.91720      12.78624
    21.32500     -23.13041     -25.95612       2.82571      12.67602
    21.37500     -23.90075     -25.86480       1.96405      12.95044
    21.42500     -17.14700     -25.77440       8.62740      15.14981
    21.47500     -35.33190     -25.68491      -9.64699      15.36815
    21.52500     -24.65684     -25.59631       0.93947      15.41053
    21.57500     -16.00003     -25.50849       9.50846      15.42293
    21.62500     -28.04863     -25.42119      -2.62744      15.35267
    21.67500     -24.93011     -25.33382       0.40371      15.42662
    21.72500     -52.43236     -25.24508     -27.18728      15.37805
    21.77500     -36.29077     -25.15252     -11.13825      15.37824
    21.82500     -29.10560     -25.05189      -4.05371      15.40950
    21.87500     -24.46141     -24.93655       0.47514      15.31704
    21.92500     -26.36737     -24.79709      -1.57028      15.28181
    21.97500     -25.65298     -24.62134      -1.03164      15.42311
    22.02500     -21.09260     -24.39467       3.30206      15.41764
    22.07500     -48.48358     -24.10007     -24.38351      15.50385
    22.12500     -54.81965     -23.71765     -31.10201      15.40068
    22.17500     -44.54936     -23.22315     -21.32621      15.40482
    22.22500     -15.92317     -22.58690       6.66373      15.26835
    22.27500     -32.01871     -21.77613     -10.24258      15.26215
    22.32500     -10.27655     -20.76506      10.48852      15.44126
    22.37500     -14.43064     -19.55545       5.12481      15.33859
    22.42500     -16.26006     -18.20408       1.94402      15.36054
    22.47500     -18.33353     -16.84402      -1.48951      15.30849
    22.52500     -36.10087     -15.68008     -20.42079      15.32548
    22.57500      -4.77152     -14.94497      10.17344      15.31888
    22.62500     -23.51127     -14.82287      -8.68840      15.34641
    22.67500      -8.72261     -15.37280       6.65019      15.28666
    22.72500     -40.84736     -16.49327     -24.35408      15.22506
    22.77500      -7.92430     -17.95221      10.02791      15.22320
    22.82500     -33.00492     -19.46905     -13.53587      15.31119
    22.87500     -11.52492     -20.80681       9.28189      15.19830
    22.92500     -15.03926     -21.83069       6.79143      15.21201
    22.97500     -23.45257     -22.51497      -0.93761      15.24828
    23.02500     -20.10833     -22.91005       2.80172      15.21790
    23.07500     -21.42836     -23.09660       1.66824      15.28432
    23.12500     -18.04563     -23.14901       5.10338      15.36651
    23.17500     -20.62645     -23.11658       2.49013      15.25064
    23.22500     -26.82253     -23.01915      -3.80338      15.29061
    23.27500       3.70825     -22.84983      26.55808      15.30261
    23.32500     -17.24089     -22.57958       5.33869      15.21268
    23.37500     -13.17633     -22.16137       8.98504      15.26311
    23.42500       1.48030     -21.53322      23.01351      15.23133
    23.47500     -18.20105     -20.61940       2.41835      15.19456
    23.52500     -39.78694     -19.32865     -20.45829      15.26782
    23.57500     -28.13010     -17.55086     -10.57924      15.30505
    23.62500     -22.26759     -15.15967      -7.10792      15.32767
    23.67500     -32.95273     -12.03562     -20.91711      15.31264
    23.72500     -23.17060      -8.12570     -15.04490      15.28484
    23.77500     -17.12764      -3.53980     -13.58785      14.95238
    23.82500       0.24702       1.34934      -1.10232      12.95951
    23.87500       3.98782       5.87157      -1.88375      12.62106
    23.92500      13.46891       9.16147       4.30745      12.64460
    23.97500      16.95288      10.41024       6.54264      12.54289
    24.02500       9.79991       9.17956       0.62034      12.57231
    24.07500      -9.88707       5.61684     -15.50391      12.99834
    24.12500     -14.64095       0.43826     -15.07921      15.04358
    24.17500       4.82112      -5.32715      10.14828      15.34769
    24.22500     -12.47357     -10.69898      -1.77459      15.32559
    24.27500     -23.87927     -15.02932      -8.84995      15.18640
    24.32500     -12.44144     -18.09653       5.65509      15.25692
    24.37500     -11.31375     -20.01948       8.70573      15.23236
    24.42500      -2.65086     -21.08819      18.43733      15.30809
    24.47500       1.33512     -21.61124      22.94636      15.29567
    24.52500     -40.96480     -21.83051     -19.13429      15.33065
    24.57500     -13.10706     -21.90097       8.79391      15.22261
    24.62500     -34.02005     -21.90701     -12.11304      15.16920
    24.67500     -26.49320     -21.88852      -4.60469      15.26340
    24.72500     -39.08014     -21.86203     -17.21812      15.23985
    24.77500      -7.35660     -21.83361      14.47701      15.30646
    24.82500     -17.03787     -21.80523       4.76735      15.33064
    24.87500     -21.50566     -21.77746       0.27180      15.23379
    24.92500     -24.46397     -21.75044      -2.71352      15.31372
    24.97500     -21.83353     -21.72421      -0.10932      15.39209
    25.02500      -8.20981     -21.69877      13.48896      15.36250
    25.07500     -18.10556     -21.67410       3.56854      15.37932
    25.12500      -8.13220     -21.65017      13.51797      15.39360
    25.17500     -28.98579     -21.62686      -7.35892      15.38885
    25.22500      -0.71584     -21.60374      20.88789      15.31645
    25.27500      -0.70315     -21.57943      20.87628      15.38999
    25.32500     -20.75293     -21.54993       0.79700      15.37402
    25.37500     -15.47751     -21.50467       6.02716      15.31274
    25.42500     -29.09311     -21.41862      -7.67450      15.26766
    25.47500     -51.03241     -21.23823     -29.79418      15.33530
    25.52500     -28.33442     -20.86042      -7.47401      15.39258
    25.57500      -9.04550     -20.10588      11.06038      15.29418
    25.62500     -27.80082     -18.69180      -9.10902      15.37885
    25.67500     -39.29615     -16.20986     -23.08629      15.53290
    25.72500     -31.72517     -12.11211     -19.61307      15.37399
    25.77500     -26.12043      -5.70043     -20.42000      15.31582
    25.82500       5.45344       3.88342       1.57002      15.36836
    25.87500      19.58168      17.64565       1.93602      15.63200
    25.92500      46.71925      36.63268      10.08656      15.71827
    25.97500      67.25164      61.60876       5.64288      15.86848
    26.02500      81.83997      92.43967     -10.59970      16.06976
    26.07500     120.01597     127.29654      -7.28057      16.43810
    26.12500     146.80685     162.09724     -15.29039      16.82137
    26.17500     190.09850     190.78503      -0.68653      17.24024
    26.22500     204.24788     206.80976      -2.56188      17.85263
    26.27500     192.52097     205.47313     -12.95216      18.49709
    26.32500     178.98013     186.04095      -7.06082      19.29192
    26.37500     175.14928     152.37288      22.77641      20.12643
    26.42500     129.39915     111.57107      17.82808      21.03413
    26.47500      79.25601      71.33744       7.91857      21.85263
    26.52500      37.85388      37.45559       0.39829      21.88441
    26.57500      -3.62286      12.55872     -16.18159      18.58692
    26.62500     -19.10637      -3.58628     -15.52009      17.79102
    26.67500     -24.37891     -12.88732     -11.49159      17.42655
    26.72500      -8.17205     -17.66756       9.49551      17.24748
    26.77500     -43.92806     -19.86551     -24.06255      19.16641
    26.82500     -36.02321     -20.77154     -15.25167      18.35450
    26.87500     -43.88914     -21.10708     -22.78206      17.20071
    26.92500     -31.32568     -21.21924     -10.10644      16.29463
    26.97500     -20.90320     -21.25373       0.35053      15.74055
    27.02500     -44.05846     -21.26435     -22.79411      15.49351
    27.07500     -35.41342     -21.26867     -14.14475      15.34094
    27.12500     -15.20261     -21.27181       6.06920      15.27938
    27.17500     -23.21781     -21.27508      -1.94273      15.25605
    27.22500     -11.56716     -21.27877       9.71161      15.32049
    27.27500     -10.14836     -21.28295      11.13460      15.28990
    27.32500     -22.13717     -21.28762      -0.84954      15.27551
    27.37500     -11.97502     -21.29278       9.31776      15.19451
    27.42500      -6.36197     -21.29842      14.93645      15.24336
    27.47500     -20.19902     -21.30453       1.10551      15.22364
    27.52500     -20.18977     -21.31111       1.12134      15.21474
    27.57500     -30.63019     -21.31815      -9.31204      15.18150
    27.62500     -24.68653     -21.32564      -3.36089      15.30812
    27.67500     -26.89619     -21.33358      -5.56261      15.21785
    27.72500      -8.55805     -21.34195      12.78390      15.28014
    27.77500     -20.29725     -21.35076       1.05351      15.31313
    27.82500     -30.52888     -21.35999      -9.16889      15.12599
    27.87500     -22.08494     -21.36964      -0.71530      15.06907
    27.92500     -27.32524     -21.37969      -5.94555      15.13498
    27.97500     -22.48301     -21.39015      -1.09285      15.13917
    28.02500     -26.80976     -21.40100      -5.40876      15.11148
    28.07500     -26.19197     -21.41224      -4.77973      15.09815
    28.12500     -26.56104     -21.42385      -5.13719      14.99812
    28.17500     -21.08916     -21.43584       0.34668      15.07134
    28.22500     -22.28433     -21.44819      -0.83614      15.09465
    28.27500     -35.03566     -21.46089     -13.57476      15.10079
    28.32500     -19.62015     -21.47394       1.85380      15.15791
    28.37500     -35.58824     -21.48733     -14.10091      15.22808
    28.42500     -28.19463     -21.50105      -6.69358      15.19867
    28.47500      -3.04203     -21.51510      18.47307      15.23576
    28.52500      -7.73191     -21.52946      13.79755      15.25473
    28.57500     -21.92784     -21.54413      -0.38371      15.25145
    28.62500      -3.94066     -21.55910      17.61843      15.32984
    28.67500     -19.67990     -21.57436       1.89446      15.34824
    28.72500     -19.61213     -21.58991       1.97777      15.28965
    28.77500     -27.73722     -21.60573      -6.13149      15.30648
    28.82500     -24.72770     -21.62182      -3.10588      15.37779
    28.87500     -22.05713     -21.63817      -0.41896      15.37498
    28.92500     -20.50168     -21.65477       1.15309      15.43455
    28.97500     -32.18494     -21.67162     -10.51332      15.40590
    29.02500     -19.45135     -21.68870       2.23735      15.35085
    29.07500     -16.70146     -21.70602       5.00456      15.27401
    29.12500     -13.86895     -21.72355       7.85460      15.12457
    29.17500     -38.31946     -21.74130     -16.57816      14.72291
    29.22500     -39.56652     -21.75925     -17.80727      12.69732
    29.27500     -19.44112     -21.77740       2.33628      12.32269
    29.32500      -7.93927     -21.79573      13.85646      12.24986
    29.37500     -32.75728     -21.81425     -10.94303      12.24529
    29.42500     -33.22338     -21.83294     -11.39044      12.56029
    29.47500     -22.97613     -21.85180      -1.12433      14.51439
    29.52500     -21.93149     -21.87081      -0.06068      14.87553
    29.57500     -20.24296     -21.88997       1.64702      14.95115
    29.62500       1.86961     -21.90927      23.77888      14.88998
    29.67500     -25.95571     -21.92871      -4.02700      14.89206
    29.72500     -26.64114     -21.94827      -4.69287      14.85446
    29.77500     -16.97073     -21.96795       4.99721      14.78155
    29.82500     -19.55959     -21.98773       2.42814      14.90509
    29.87500     -19.32451     -22.00762       2.68311      14.97653
    29.92500      -7.35660     -22.02760      14.67101      14.95103
    29.97500     -24.19196     -22.04767      -2.14429      14.84412
    30.02500     -11.14431     -22.06781      10.92351      14.80859
    30.07500      -7.38053     -22.08803      14.70749      14.85047
    30.12500     -23.22811     -22.10830      -1.11980      14.83237
    30.17500     -25.89336     -22.12864      -3.76472      14.85966
    30.22500     -27.61860     -22.14901      -5.46959      14.81628
    30.27500     -18.53435     -22.16943       3.63507      14.85438
    30.32500     -37.72858     -22.18987     -15.53871      14.78562
    30.37500     -18.80138     -22.21034       3.40896      14.78262
    30.42500     -17.09067     -22.23082       5.14015      14.94023
    30.47500     -23.88382     -22.25131      -1.63251      14.85749
    30.52500     -32.89274     -22.27180     -10.62094      14.75187
    30.57500     -29.53434     -22.29228      -7.24206      14.73815
    30.62500     -17.75077     -22.31275       4.56198      14.74502
    30.67500     -28.89203     -22.33319      -6.55884      14.69773
    30.72500     -24.57217     -22.35360      -2.21857      14.71237
    30.77500     -28.65399     -22.37397      -6.28002      14.61372
    30.82500     -31.61960     -22.39430      -9.22530      14.77081
    30.87500     -27.68561     -22.41457      -5.27104      14.76368
    30.92500     -19.39295     -22.43478       3.04183      14.82748
    30.97500     -17.17364     -22.45492       5.28127      14.74107
    31.02500     -31.85192     -22.47498      -9.37694      14.74422
    31.07500     -20.79341     -22.49496       1.70155      14.73415
    31.12500     -29.66471     -22.51484      -7.14987      14.70363
    31.17500     -10.66751     -22.53462      11.86711      14.65875
    31.22500     -37.68403     -22.55426     -15.12977      14.69516
    31.27500     -32.99040     -22.57366     -10.41673      14.71648
    31.32500     -13.18331     -22.59255       9.40924      14.71374
    31.37500      -6.96721     -22.61012      15.64291      14.69452
    31.42500     -17.98353     -22.62425       4.64072      14.73706
    31.47500     -18.53490     -22.63000       4.09510      14.71053
    31.52500     -18.88057     -22.61685       3.73628      14.70984
    31.57500     -29.82009     -22.56453      -7.25556      14.71739
    31.62500     -44.77503     -22.43750     -22.33754      14.65642
    31.67500     -29.55496     -22.17873      -7.37623      14.68645
    31.72500     -37.49159     -21.70436     -15.78723      14.75933
    31.77500     -20.20781     -20.90201       0.69420      14.81284
    31.82500     -28.83944     -19.63864      -9.20080      14.80779
    31.87500      -7.48027     -17.78691      10.30664      14.82451
    31.92500     -15.79949     -15.27936      -0.52013      14.59592
    31.97500      -8.00229     -12.18785       4.18557      12.66675
    32.02500     -22.79597      -8.80008     -13.99589      12.34982
    32.07500      -6.85769      -5.63722      -1.22047      12.45438
    32.12500      -9.39976      -3.35774      -6.04202      12.45981
    32.17500       2.66794      -2.54448       5.21242      12.85389
    32.22500       5.82044      -3.45538       9.27582      14.98002
    32.27500      21.18675      -5.86868      27.05543      15.24968
    32.32500       6.51848      -9.11342      15.63189      15.05050
    32.37500     -23.49554     -12.26139     -11.23414      14.98855
    32.42500     -16.70083     -14.35382      -2.34701      14.97457
    32.47500     -29.81524     -14.52792     -15.28732      14.89034
    32.52500     -29.69265     -11.99754     -17.69511      14.83933
    32.57500      -0.35314      -5.95776       5.60462      14.90091
    32.62500      15.55414       4.44360      11.11054      14.90331
    32.67500      56.40170      19.92318      36.47852      14.92987
    32.72500      63.10465      40.59972      22.50493      15.04678
    32.77500      68.01568      65.34951       2.66616      15.13932
    32.82500      93.98177      91.30450       2.67727      15.19820
    32.87500     128.35429     113.96487      14.38942      15.32374
    32.92500     147.33603     128.24605      19.08998      15.34782
    32.97500     133.00788     130.25509       2.75278      15.43054
    33.02500     122.61545     118.98075       3.63471      15.32837
    33.07500      86.56299      96.90467     -10.34169      15.25765
    33.12500      66.03232      69.08250      -3.05018      15.17291
    33.17500      37.74394      41.17411      -3.43017      15.08564
    33.22500      24.30969      17.50928       6.80041      14.98204
    33.27500       4.01524       0.10996       3.90527      14.81682
    33.32500     -16.99180     -11.12800      -5.86380      14.67023
    33.37500     -31.18925     -17.55316     -13.63609      14.79479
    33.42500      -6.72582     -20.82139      14.09556      14.70693
    33.47500      -9.24389     -22.30649      13.06260      14.71944
    33.52500     -29.12106     -22.91237      -6.20869      14.67751
    33.57500     -34.43701     -23.13657     -11.30043      14.80818
    33.62500     -17.78236     -23.21399       5.43163      14.78549
    33.67500     -12.71383     -23.24108      10.52726      14.75848
    33.72500     -11.46592     -23.25259      11.78667      14.75943
    33.77500     -15.50132     -23.25956       7.75824      14.72056
    33.82500     -26.39535     -23.26510      -3.13025      14.79241
    33.87500     -30.93671     -23.26999      -7.66672      14.75225
    33.92500     -29.80210     -23.27439      -6.52771      14.80250
    33.97500     -19.54814     -23.27835       3.73021      14.87809
    34.02500      -9.93312     -23.28186      13.34874      14.90243
    34.07500       2.71146     -23.28492      25.99638      14.80124
    34.12500     -27.66613     -23.28753      -4.37860      14.83892
    34.17500     -28.94720     -23.28968      -5.65752      14.81655
    34.22500     -26.72468     -23.29138      -3.43330      14.77476
    34.27500     -10.85163     -23.29261      12.44099      14.78271
    34.32500      -5.53481     -23.29339      17.75857      14.76221
    34.37500     -31.51824     -23.29369      -8.22455      14.65005
    34.42500     -15.22932     -23.29352       8.06420      14.71216
    34.47500     -11.78147     -23.29288      11.51141      14.69223
    34.52500       1.65448     -23.29176      24.94624      14.71777
    34.57500     -10.25591     -23.29016      13.03425      14.24664
    34.62500     -48.09513     -23.28807     -24.80706      12.20045
    34.67500     -34.37627     -23.28550     -11.09077      11.89471
    34.72500     -16.28279     -23.28244       6.99965      11.85465
    34.77500     -31.80851     -23.27889      -8.52962      11.82005
    34.82500     -19.76215     -23.27484       3.51269      12.23963
    34.87500     -25.24583     -23.27029      -1.97553      14.25114
    34.92500     -22.96748     -23.26525       0.29777      14.47651
    34.97500     -23.68642     -23.25970      -0.42672      14.46572
    35.02500       2.78440     -23.25364      26.03804      14.54994
    35.07500     -24.96004     -23.24708      -1.71296      14.44923
    35.12500     -21.07799     -23.24001       2.16202      14.52386
    35.17500     -22.04756     -23.23242       1.18487      14.63608
    35.22500     -40.43193     -23.22433     -17.20761      14.63569
    35.27500     -31.31465     -23.21571      -8.09893      14.68365
    35.32500     -32.04425     -23.20658      -8.83767      14.73352
    35.37500     -33.49616     -23.19693     -10.29924      14.59854
    35.42500     -27.29954     -23.18675      -4.11278      14.68324
    35.47500     -18.50587     -23.17606       4.67018      14.76181
    35.52500     -12.23172     -23.16484      10.93312      14.95353
    35.57500      -8.35080     -23.15309      14.80229      15.15091
    35.62500      -4.40681     -23.14082      18.73401      15.42168
    35.67500     -27.62577     -23.12802      -4.49775      15.80068
    35.72500      -5.81691     -23.11469      17.29778      16.25682
    35.77500     -25.88197     -23.10084      -2.78113      16.62533
    35.82500     -23.27026     -23.08645      -0.18381      16.96642
    35.87500     -37.03069     -23.07153     -13.95916      17.10405
    35.92500     -38.09766     -23.05607     -15.04158      16.94112
    35.97500      -6.16823     -23.04009      16.87186      16.65396
    36.02500     -23.54673     -23.02357      -0.52316      16.31640
    36.07500      16.10565     -23.00652      39.11217      15.85725
    36.12500      -6.82291     -22.98894      16.16603      15.44080
    36.17500     -12.94316     -22.97082      10.02767      15.03515
    36.22500     -13.09658     -22.95218       9.85560      14.74962
    36.27500     -16.26885     -22.93299       6.66414      14.69227
    36.32500     -49.67594     -22.91328     -26.76266      14.64011
    36.37500     -52.65556     -22.89303     -29.76253      14.50143
    36.42500     -27.67234     -22.87226      -4.80008      14.57509
    36.47500     -18.35962     -22.85095       4.49133      14.63193
    36.52500     -20.21612     -22.82911       2.61299      14.57609
    36.57500     -22.26268     -22.80674       0.54406      14.65078
    36.62500     -38.50269     -22.78385     -15.71884      14.70338
    36.67500     -45.21880     -22.76042     -22.45838      14.64020
    36.72500     -38.97120     -22.73647     -16.23472      14.59507
    36.77500     -11.63812     -22.71200      11.07388      14.56445
    36.82500     -21.81907     -22.68701       0.86794      14.53043
    36.87500      -5.38927     -22.66149      17.27223      14.44917
    36.92500     -18.20191     -22.63546       4.43355      14.52306
    36.97500     -25.96560     -22.60890      -3.35669      14.58810
    37.02500     -10.36293     -22.58184      12.21890      14.67460
    37.07500     -15.30751     -22.55426       7.24675      14.60167
    37.12500       7.52488     -22.52617      30.05104      14.62890
    37.17500      -7.03581     -22.49757      15.46175      14.54987
    37.22500     -35.69006     -22.46846     -13.22160      14.54983
    37.27500     -42.63211     -22.43885     -20.19325      14.33423
    37.32500     -26.17307     -22.40874      -3.76433      12.32446
    37.37500     -24.77126     -22.37814      -2.39312      11.91939
    37.42500      -8.34806     -22.34704      13.99897      11.91024
    37.47500     -11.62095     -22.31544      10.69450      11.92179
    37.52500     -16.05739     -22.28336       6.22597      11.88265
    37.57500     -20.89255     -22.25080       1.35825      12.18540
    37.62500      -3.81236     -22.21776      18.40540      14.11085
    37.67500     -18.17937     -22.18424       4.00487      14.45607
    37.72500     -41.18025     -22.15024     -19.03000      14.40268
    37.77500     -35.13344     -22.11578     -13.01765      14.42036
    37.82500     -34.39952     -22.08085     -12.31867      14.56611
    37.87500     -11.37487     -22.04547      10.67059      14.54457
    37.92500     -19.17606     -22.00963       2.83356      14.54928
    37.97500     -12.76455     -21.97333       9.20878      14.45907
    38.02500     -20.39244     -21.93659       1.54415      14.50883
    38.07500     -27.83728     -21.89941      -5.93787      14.44406
    38.12500     -24.04999     -21.86179      -2.18820      14.40604
    38.17500     -21.92724     -21.82374      -0.10350      14.40801
    38.22500     -42.06346     -21.78526     -20.27820      14.37221
    38.27500     -25.37387     -21.74637      -3.62750      14.46982
    38.32500     -22.57442     -21.70706      -0.86737      14.48794
    38.37500       0.48219     -21.66733      22.14953      14.48178
    38.42500     -14.33313     -21.62720       7.29407      14.41956
    38.47500     -18.87250     -21.58665       2.71416      14.53534
    38.52500     -24.25968     -21.54564      -2.71404      14.64871
    38.57500     -21.24132     -21.50398       0.26267      14.64373
    38.62500     -41.61507     -21.46117     -20.15390      14.55849
    38.67500     -15.42128     -21.41583       5.99455      14.60375
    38.72500     -19.53970     -21.36457       1.82487      14.78269
    38.77500     -24.21983     -21.29994      -2.91989      14.87327
    38.82500     -16.88493     -21.20683       4.32190      14.98512
    38.87500     -21.08997     -21.05762      -0.03235      15.03377
    38.92500     -14.20921     -20.80674       6.59753      15.38460
    38.97500     -10.62553     -20.38753       9.76200      16.04649
    39.02500     -11.96089     -19.71646       7.75557      16.95657
    39.07500      17.34878     -18.71058      36.05936      18.19811
    39.12500      -4.88616     -17.32319      12.43703      19.86878
    39.17500     -21.80426     -15.59046      -6.21379      21.94770
    39.22500      -3.62090     -13.67143      10.05053      23.88067
    39.27500     -21.57519     -11.85136      -9.72382      25.63330
    39.32500     -42.07281     -10.48555     -31.58726      26.55666
    39.37500      -4.65230      -9.88893       5.23663      27.00584
    39.42500       4.78943     -10.21523      15.00467      26.54634
    39.47500       5.56328     -11.38788      16.95116      25.38201
    39.52500     -60.28615     -13.12403     -47.16212      23.50524
    39.57500       6.34581     -15.04043      21.38624      21.29876
    39.62500     -29.86597     -16.78218     -13.08379      19.10453
    39.67500     -35.30569     -18.10728     -17.19840      17.33935
    39.72500     -29.08920     -18.89060     -10.19860      16.07377
    39.77500     -42.84813     -19.05568     -23.79245      15.20667
    39.82500     -27.92296     -18.47085      -9.45211      14.82606
    39.87500     -32.29986     -16.85148     -15.44838      14.70877
    39.92500      -6.82341     -13.70744       6.88404      14.16695
    39.97500      -8.65599      -8.37616      -0.27983      12.55880
    40.02500      -5.78288      -0.18262      -5.60026      12.29980
    40.07500       0.70469      11.25749     -10.55280      12.27714
    40.12500      12.89287      25.64802     -12.75516      12.35761
    40.17500      43.94401      41.69857       2.24544      12.37792
    40.22500      51.70960      57.11573      -5.40613      12.84343
    40.27500      48.47412      69.06233     -20.58821      15.22306
    40.32500      70.48476      75.01983      -4.53507      15.81230
    40.37500      98.57610      73.71345      24.86264      15.75981
    40.42500      42.78902      65.64053     -22.85151      15.72189
    40.47500      46.14000      52.91278      -6.77278      15.77164
    40.52500      37.39851      38.49287      -1.09436      15.77294
    40.57500      21.69204      25.21753      -3.52549      15.65012
    40.62500      27.21269      15.04330      12.16939      15.60793
    40.67500       6.76574       8.74359      -1.97785      15.55178
    40.72500      11.75947       6.02118       5.73829      15.53656
    40.77500       6.85572       5.85807       0.99765      15.44540
    40.82500     -15.38127       6.92994     -22.31121      15.52656
    40.87500      -9.11718       7.97965     -17.09682      15.63567
    40.92500       4.75114       8.09132      -3.34017      15.71135
    40.97500       7.73297       6.82765       0.90532      15.84571
    41.02500     -14.52848       4.21906     -18.74755      15.76365
    41.07500      -9.69996       0.63541     -10.33537      15.71551
    41.12500      -2.79534      -3.39490       0.59956      15.58168
    41.17500      -1.90827      -7.35136       5.44309      15.74627
    41.22500      -8.67159     -10.83261       2.16103      15.65655
    41.27500     -21.15630     -13.60215      -7.55415      15.59714
    41.32500       4.94671     -15.57613      20.52284      15.51276
    41.37500      -2.41537     -16.76769      14.35231      15.48258
    41.42500      -7.19475     -17.20415      10.00940      15.36431
    41.47500     -22.69902     -16.83666      -5.86236      15.25668
    41.52500     -21.78462     -15.46509      -6.31954      15.41873
    41.57500      -7.05970     -12.70684       5.64714      15.34468
    41.62500       1.89159      -8.04430       9.93589      15.38229
    41.67500     -15.27909      -0.98300     -14.29609      15.40571
    41.72500      -0.58373       8.67753      -9.26126      15.45150
    41.77500      -2.20951      20.52543     -22.73493      15.54555
    41.82500      -5.49347      33.31851     -38.81198      15.58480
    41.87500      36.81778      45.04863      -8.23086      15.66476
    41.92500      39.13644      53.38991     -14.25347      15.69981
    41.97500      50.78580      56.43509      -5.64930      15.83071
    42.02500      82.75569      53.41559      29.34010      15.91242
    42.07500      75.83763      45.03987      30.79776      16.00552
    42.12500      39.88491      33.25333       6.63158      15.96321
    42.17500      30.87862      20.53175      10.34687      16.01211
    42.22500      11.09387       9.06156       2.03231      16.23820
    42.27500       8.63394       0.17420       8.45974      16.45432
    42.32500     -12.27339      -5.78907      -6.48432      16.83894
    42.37500       5.47572      -9.24949      14.72521      17.35268
    42.42500      13.43231     -11.00288      24.43519      17.91030
    42.47500      -7.00213     -11.86449       4.86236      18.30024
    42.52500     -20.31420     -12.44806      -7.86615      18.65628
    42.57500       2.52283     -13.09045      15.61328      18.81287
    42.62500     -11.72772     -13.88400       2.15628      18.66292
    42.67500     -25.03105     -14.76528     -10.26577      17.73506
    42.72500     -24.83616     -15.61354      -9.22262      14.45429
    42.77500     -20.02787     -16.32537      -3.70249      13.55723
    42.82500      -6.17070     -16.85038      10.67968      13.23453
    42.87500      -8.25081     -17.19133       8.94052      12.90735
    42.92500     -30.23795     -17.38434     -12.85361      13.15920
    42.97500     -20.42141     -17.47577      -2.94564      15.45167
    43.02500     -14.24389     -17.50639       3.26250      15.75164
    43.07500     -22.92080     -17.50495      -5.41585      15.68936
    43.12500     -33.56169     -17.48865     -16.07304      15.58298
    43.17500     -32.74664     -17.46631     -15.28032      15.64641
    43.22500     -17.48562     -17.44170      -0.04392      15.66183
    43.27500     -24.18254     -17.41571      -6.76683      15.67128
    43.32500     -21.10678     -17.38752      -3.71926      15.68128
    43.37500     -24.45193     -17.35498      -7.09695      15.64779
    43.42500     -43.37858     -17.31473     -26.06385      15.65155
    43.47500     -29.99570     -17.26266     -12.73305      15.70704
    43.52500     -16.33632     -17.19485       0.85853      15.66794
    43.57500      -8.96197     -17.10925       8.14728      15.70522
    43.62500     -14.78517     -17.00753       2.22236      15.76204
    43.67500      -6.32651     -16.89591      10.56940      15.74646
    43.72500     -12.08775     -16.78362       4.69587      15.77354
    43.77500      -6.34356     -16.67789      10.33433      15.76464
    43.82500       1.40376     -16.57585      17.97960      15.79510
    43.87500      -2.32526     -16.45581      14.13056      15.84566
    43.92500      -4.85635     -16.27212      11.41577      15.83653
    43.97500     -22.18623     -15.95813      -6.22811      15.81587
    44.02500     -13.85959     -15.44092       1.58132      15.81610
    44.07500      -1.90837     -14.66770      12.75934      15.77444
    44.12500       7.27248     -13.63853      20.91101      15.64690
    44.17500      -0.43352     -12.43315      11.99963      15.67829
    44.22500     -18.58529     -11.21633      -7.36897      15.68442
    44.27500     -13.91281     -10.20943      -3.70338      15.57175
    44.32500     -11.39314      -9.62988      -1.76326      15.57411
    44.37500     -13.10983      -9.61859      -3.49124      15.67519
    44.42500     -19.73037     -10.18684      -9.54353      15.69432
    44.47500      -5.36188     -11.20846       5.84657      15.65043
    44.52500       1.13388     -12.46075      13.59462      15.78843
    44.57500     -22.04479     -13.69246      -8.35234      15.85132
    44.62500     -19.71319     -14.68540      -5.02778      16.22709
    44.67500     -21.97514     -15.28582      -6.68932      16.61682
    44.72500       6.71374     -15.40367      22.11741      17.16069
