     8.02500     -22.54133     -65.53963      42.99830      39.50409
     8.07500     -56.56016     -64.37178       7.81162      39.89191
     8.12500     -36.43150     -63.16387      26.73238      40.18295
     8.17500     -40.33849     -61.91277      21.57428      40.09502
     8.22500     -42.09857     -60.61496      18.51638      40.01919
     8.27500     -70.29282     -59.26647     -11.02635      40.20963
     8.32500     -70.88936     -57.86280     -13.02656      39.68321
     8.37500     -53.80873     -56.39881       2.59008      39.89688
     8.42500     -16.49186     -54.86858      38.37671      39.75899
     8.47500      -8.09787     -53.26523      45.16737      39.96932
     8.52500     -32.89478     -51.58073      18.68595      39.77578
     8.57500     -47.58287     -49.80551       2.22264      38.33060
     8.62500     -31.84321     -47.92811      16.08490      29.70607
     8.67500     -13.10044     -45.93452      32.83407      27.98761
     8.72500      -8.95941     -43.80746      34.84805      28.06340
     8.77500     -18.12498     -41.52526      23.40028      28.01207
     8.82500      -7.48179     -39.06047      31.57868      28.08335
     8.87500     -17.82654     -36.38015      18.55361      28.19871
     8.92500     -20.06902     -33.44750      13.37847      28.07093
     8.97500      -6.83330     -30.21012      23.37682      28.22378
     9.02500     -33.61521     -26.61230      -7.00291      28.02792
     9.07500      -6.67435     -22.59498      15.92063      28.06773
     9.12500      20.55023     -18.10269      38.65291      28.04929
     9.17500      -2.20532     -13.09461      10.88930      28.13394
     9.22500      31.12483      -7.56000      38.68483      28.12941
     9.27500      10.52399      -1.53688      12.06088      28.31832
     9.32500     -28.02739       4.86826     -32.89564      28.00411
     9.37500      -0.89086      11.46366     -12.35452      28.29174
     9.42500      39.32473      17.96271      21.36203      28.34709
     9.47500      18.47439      23.98590      -5.51151      28.28319
     9.52500      -0.16983      29.07726     -29.24710      28.16477
     9.57500       1.73917      32.73703     -30.99787      28.21664
     9.62500      -3.25173      34.47309     -37.72482      28.24276
     9.67500      53.78745      33.87535      19.91211      28.11478
     9.72500      14.22684      30.71384     -16.48701      28.02700
     9.77500      18.16120      25.03893      -6.87773      28.15126
     9.82500     -26.53831      17.22783     -43.76613      28.12752
     9.87500      -4.17115       7.92440     -12.09555      27.99676
     9.92500     -14.32556      -2.11125     -12.21431      28.08365
     9.97500     -23.96471     -12.15972     -11.80498      27.99396
    10.02500     -70.42709     -21.64029     -48.78680      27.98548
    10.07500     -42.55953     -30.14575     -12.41378      28.08650
    10.12500     -29.52084     -37.43969       7.91884      27.93326
    10.17500     -44.35062     -43.43568      -0.91494      28.14103
    10.22500     -48.18028     -48.16725      -0.01302      27.93683
    10.27500     -18.80096     -51.75287      32.95191      28.12393
    10.32500     -33.69947     -54.36052      20.66105      27.80641
    10.37500     -73.91271     -56.17627     -17.73644      27.90068
    10.42500     -62.76197     -57.38009      -5.38188      27.94523
    10.47500     -12.40768     -58.13030      45.72262      28.07640
    10.52500      47.63498     -58.55612     106.19110      27.89940
    10.57500     -20.42787     -58.75665      38.32877      27.94815
    10.62500     -57.82576     -58.80383       0.97808      27.79148
    10.67500     -15.39181     -58.74753      43.35572      27.85441
    10.72500     -12.77611     -58.62095      45.84484      27.98092
    10.77500     -57.46777     -58.44549       0.97772      27.93038
    10.82500     -60.61620     -58.23472      -2.38149      28.05002
    10.87500     -64.61775     -57.99713      -6.62063      28.09536
    10.92500     -56.88091     -57.73812       0.85721      28.07226
    10.97500     -66.50634     -57.46122      -9.04512      27.99813
    11.02500     -29.31217     -57.16883      27.85666      27.95226
    11.07500     -53.45737     -56.86265       3.40528      27.87107
    11.12500     -37.25750     -56.54396      19.28646      28.05329
    11.17500     -61.70233     -56.21371      -5.48861      27.98007
    11.22500     -89.58318     -55.87267     -33.71052      27.09434
    11.27500     -66.50567     -55.52139     -10.98428      23.21653
    11.32500     -43.54420     -55.16030      11.61609      22.72494
    11.37500     -56.37676     -54.78969      -1.58707      22.75938
    11.42500     -37.05922     -54.40974      17.35052      22.68758
    11.47500     -63.12857     -54.02052      -9.10805      22.66648
    11.52500     -48.29442     -53.62201       5.32759      22.50989
    11.57500     -52.98417     -53.21407       0.22990      22.62555
    11.62500     -57.77960     -52.79647      -4.98312      22.64234
    11.67500     -82.81357     -52.36889     -30.44468      22.60375
    11.72500     -51.20974     -51.93088       0.72115      22.55384
    11.77500     -26.21269     -51.48189      25.26920      22.63580
    11.82500     -23.48507     -51.02123      27.53616      22.64458
    11.87500     -59.75465     -50.54804      -9.20660      22.57012
    11.92500     -21.87663     -50.06127      28.18465      22.66348
    11.97500     -36.72221     -49.55960      12.83740      22.56640
    12.02500     -49.00853     -49.04134       0.03281      23.28662
    12.07500     -66.39867     -48.50425     -17.89442      27.11627
    12.12500     -65.78601     -47.94531     -17.84071      27.50664
    12.17500     -49.76287     -47.36037      -2.40250      27.52407
    12.22500     -54.85409     -46.74366      -8.11042      27.52921
    12.27500     -56.12797     -46.08716     -10.04081      27.75456
    12.32500     -64.79644     -45.37985     -19.41658      27.68720
    12.37500     -66.24977     -44.60688     -21.64289      27.67859
    12.42500     -64.15121     -43.74873     -20.40248      27.65893
    12.47500     -52.45858     -42.78059      -9.67799      27.49784
    12.52500     -22.01160     -41.67194      19.66035      27.42982
    12.57500     -54.53559     -40.38670     -14.14889      27.76534
    12.62500     -60.09491     -38.88397     -21.21094      27.76751
    12.67500     -40.98821     -37.11957      -3.86863      27.57521
    12.72500     -42.79356     -35.04844      -7.74512      27.75063
    12.77500      -4.95581     -32.62782      27.67202      27.67743
    12.82500     -39.32136     -29.82099      -9.50037      27.77572
    12.87500     -42.02773     -26.60068     -15.42705      27.79856
    12.92500     -66.21586     -22.95113     -43.26473      27.60535
    12.97500     -26.75049     -18.86792      -7.88257      27.65381
    13.02500     -22.14998     -14.35569      -7.79429      27.63347
    13.07500     -44.18437      -9.42474     -34.75963      27.62940
    13.12500     -25.99379      -4.08753     -21.90627      27.73302
    13.17500      22.24605       1.64446      20.60160      27.74907
    13.22500      12.35242       7.76301       4.58941      27.71407
    13.27500     -27.14427      14.26502     -41.40929      27.59480
    13.32500       3.61281      21.15352     -17.54072      27.68161
    13.37500      17.42564      28.43842     -11.01278      27.85355
    13.42500       9.90149      36.13675     -26.23526      27.83141
    13.47500      57.19409      44.27284      12.92125      27.81147
    13.52500      33.62767      52.87854     -19.25086      27.97635
    13.57500      58.98130      61.99354      -3.01225      27.85846
    13.62500      81.39321      71.66619       9.72702      27.87842
    13.67500      67.64899      81.95466     -14.30567      27.81774
    13.72500      58.21207      92.92900     -34.71693      27.98555
    13.77500      79.92885     104.67397     -24.74512      28.02204
    13.82500     132.54051     117.29316      15.24735      28.01026
    13.87500     126.77929     130.91454      -4.13525      28.21694
    13.92500     116.96368     145.69776     -28.73408      28.36107
    13.97500     174.33706     161.84288      12.49418      27.81934
    14.02500     196.53204     179.59982      16.93222      24.02434
    14.07500     224.32957     199.27646      25.05311      23.32489
    14.12500     219.18724     221.24159      -2.05435      23.43998
    14.17500     236.29169     245.91706      -9.62537      23.44096
    14.22500     306.14943     273.75161      32.39782      23.50278
    14.27500     325.25552     305.16825      20.08727      23.52933
    14.32500     349.62869     340.47906       9.14964      23.76315
    14.37500     389.09234     379.76651       9.32583      23.93775
    14.42500     437.35414     422.73919      14.61495      24.10878
    14.47500     481.00833     468.57877      12.42955      24.21881
    14.52500     507.26402     515.80534      -8.54132      24.40069
    14.57500     543.61689     562.21346     -18.59657      24.47641
    14.62500     611.14791     604.87188       6.27603      25.22176
    14.67500     662.50731     640.24337      22.26395      29.75778
    14.72500     668.53713     664.44041       4.09673      30.16464
    14.77500     661.81121     673.66377     -11.85256      30.23770
    14.82500     636.58359     664.88500     -28.30142      30.16988
    14.87500     629.32039     636.74001      -7.41962      30.13362
    14.92500     582.31273     590.32355      -8.01083      29.95465
    14.97500     494.97960     529.32753     -34.34792      29.51113
    15.02500     430.08346     459.21679     -29.13334      29.37279
    15.07500     368.16309     385.84968     -17.68659      29.04510
    15.12500     288.82084     314.31404     -25.49319      28.61122
    15.17500     184.25961     248.36969     -64.11008      28.46349
    15.22500     138.47825     190.37524     -51.89699      28.29357
    15.27500     105.85590     141.44429     -35.58839      28.13584
    15.32500     104.93675     101.68428       3.25246      27.95026
    15.37500      27.00389      70.46546     -43.46157      27.90455
    15.42500      18.79820      46.69360     -27.89541      27.73826
    15.47500      27.44407      29.05934      -1.61528      27.57182
    15.52500      -3.54562      16.23901     -19.78462      27.59819
    15.57500     -17.52571       7.03257     -24.55829      27.55312
    15.62500      27.55705       0.43827      27.11878      27.43091
    15.67500      16.02131      -4.32554      20.34685      27.44838
    15.72500     -27.53961      -7.83468     -19.70493      27.48531
    15.77500     -23.33015     -10.49305     -12.83710      27.50852
    15.82500     -26.30765     -12.57271     -13.73495      27.48311
    15.87500     -24.73968     -14.25133     -10.48834      27.37232
    15.92500     -46.26283     -15.64288     -30.61996      27.48976
    15.97500     -43.87559     -16.82023     -27.05536      27.44982
    16.02500     -57.78444     -17.83082     -39.95362      27.36283
    16.07500     -31.85318     -18.70660     -13.14658      27.39024
    16.12500     -18.09562     -19.47019       1.37458      27.47275
    16.17500     -24.40762     -20.13848      -4.26914      27.47394
    16.22500     -34.30701     -20.72466     -13.58235      27.49983
    16.27500     -54.98965     -21.23944     -33.75021      27.45837
    16.32500     -10.47880     -21.69174      11.21293      27.44397
    16.37500     -35.34367     -22.08907     -13.25460      27.46097
    16.42500     -46.92051     -22.43787     -24.48264      27.35608
    16.47500       7.99185     -22.74368      30.73553      27.46361
    16.52500     -24.87684     -23.01130      -1.86555      27.41414
    16.57500     -36.00540     -23.24488     -12.76052      27.15324
    16.62500     -57.91830     -23.44808     -34.47022      27.25684
    16.67500     -46.35138     -23.62408     -22.72731      27.49691
    16.72500     -16.91649     -23.77568       6.85919      26.83716
    16.77500       6.85934     -23.90535      30.76469      22.96532
    16.82500       2.96175     -24.01528      26.97704      22.32389
    16.87500     -22.29369     -24.10742       1.81373      22.18756
    16.92500     -25.68741     -24.18348      -1.50392      22.27555
    16.97500     -29.40776     -24.24501      -5.16275      22.27892
    17.02500     -55.64526     -24.29339     -31.35187      22.28720
    17.07500     -26.21309     -24.32984      -1.88325      22.22523
    17.12500     -22.46389     -24.35548       1.89159      22.33748
    17.17500     -10.57152     -24.37130      13.79978      22.31336
    17.22500     -25.86894     -24.37821      -1.49072      22.21023
    17.27500     -55.64716     -24.37702     -31.27013      22.86043
    17.32500     -54.50663     -24.36847     -30.13816      26.79018
    17.37500     -51.42970     -24.35322     -27.07647      27.39282
    17.42500     -15.53958     -24.33190       8.79231      27.43869
    17.47500     -49.87900     -24.30504     -25.57396      27.34959
    17.52500     -41.48276     -24.27316     -17.20960      27.44730
    17.57500     -22.52321     -24.23672       1.71351      27.51467
    17.62500     -16.23491     -24.19614       7.96123      27.50201
    17.67500     -23.88668     -24.15180       0.26512      27.40783
    17.72500       4.56704     -24.10405      28.67109      27.51864
    17.77500      13.38577     -24.05316      37.43894      27.58303
    17.82500     -50.84204     -23.99941     -26.84262      27.44913
    17.87500     -55.81729     -23.94329     -31.87400      27.39442
    17.92500     -40.86595     -23.88518     -16.98077      27.33399
    17.97500     -57.85726     -23.82510     -34.03217      27.53826
    18.02500     -66.02693     -23.76326     -42.26367      27.59159
    18.07500     -37.94050     -23.69987     -14.24063      27.62447
    18.12500     -57.55075     -23.63512     -33.91562      27.64154
    18.17500     -18.60685     -23.56919       4.96234      27.67289
    18.22500     -28.32227     -23.50224      -4.82004      27.75602
    18.27500     -47.20494     -23.43441     -23.77053      27.91345
    18.32500     -54.84641     -23.36586     -31.48055      27.96643
    18.37500     -36.71475     -23.29671     -13.41804      28.09010
    18.42500     -44.76485     -23.22709     -21.53776      28.07500
    18.47500     -68.70694     -23.15710     -45.54983      28.08921
    18.52500      -2.45727     -23.08687      20.62960      28.38074
    18.57500     -61.08732     -23.01647     -38.07084      28.61165
    18.62500     -32.00504     -22.94602      -9.05902      28.58365
    18.67500      -8.49583     -22.87559      14.37976      28.82393
    18.72500     -11.85822     -22.80525      10.94703      29.13786
    18.77500      20.33457     -22.73502      43.06959      29.33926
    18.82500     -27.46110     -22.66496      -4.79613      29.77860
    18.87500     -50.24420     -22.59511     -27.64909      30.22159
    18.92500     -51.78543     -22.52547     -29.25996      30.43309
    18.97500      -5.87030     -22.45603      16.58574      30.94687
    19.02500     -64.32769     -22.38659     -41.94110      31.43684
    19.07500     -55.45923     -22.31684     -33.14239      31.75523
    19.12500     -72.96288     -22.24743     -50.71545      32.25435
    19.17500       1.43420     -22.17943      23.61363      32.87586
    19.22500     -38.27133     -22.11332     -16.15801      33.75313
    19.27500     -48.33915     -22.04814     -26.29101      34.41642
    19.32500     -38.86368     -21.98365     -16.88003      34.89233
    19.37500     -48.43865     -21.91985     -26.51880      35.70506
    19.42500     -47.48347     -21.85674     -25.62673      35.48496
    19.47500      -3.12761     -21.79454      18.66692      31.12972
    19.52500      36.11765     -21.73304      57.85070      30.42012
    19.57500      10.42732     -21.67205      32.09937      30.34692
    19.62500     -16.23201     -21.61141       5.37940      30.12327
    19.67500     -86.80086     -21.55203     -65.24884      29.67587
    19.72500     -12.24683     -21.49502       9.24819      29.01632
    19.77500     -16.77744     -21.43904       4.66160      28.27145
    19.82500      -5.45245     -21.38411      15.93166      27.31398
    19.87500     -19.15316     -21.33023       2.17707      26.57674
    19.92500     -32.02239     -21.27742     -10.74497      25.85372
    19.97500     -24.81931     -21.22568      -3.59363      25.09736
    20.02500     -41.60796     -21.17503     -20.43293      25.24942
    20.07500     -40.70235     -21.12548     -19.57687      29.02312
    20.12500     -41.96221     -21.07702     -20.88519      29.53529
    20.17500     -68.74514     -21.02967     -47.71547      29.04364
    20.22500     -23.04220     -20.98342      -2.05879      28.73068
    20.27500     -10.61514     -20.93825      10.32311      28.74047
    20.32500     -55.63534     -20.89414     -34.74120      28.46764
    20.37500     -39.94622     -20.85099     -19.09522      28.35829
    20.42500     -54.29805     -20.80849     -33.48957      28.29607
    20.47500      -6.93238     -20.76671      13.83433      28.42356
    20.52500     -30.17318     -20.72774      -9.44544      28.45599
    20.57500     -37.70791     -20.68992     -17.01799      28.28403
    20.62500     -28.67848     -20.65317      -8.02531      28.13870
    20.67500      -8.31129     -20.61757      12.30629      28.12385
    20.72500       0.54092     -20.58364      21.12456      28.21139
    20.77500     -19.44871     -20.55093       1.10223      28.32607
    20.82500     -55.98797     -20.51947     -35.46849      28.16922
    20.87500     -61.58461     -20.48925     -41.09536      28.24905
    20.92500      -2.72151     -20.46027      17.73876      28.28275
    20.97500     -13.28117     -20.43253       7.15136      28.35535
    21.02500     -36.25291     -20.40603     -15.84688      28.07931
    21.07500     -42.98912     -20.38076     -22.60836      28.36100
    21.12500     -51.85850     -20.35672     -31.50179      28.32012
    21.17500     -58.94464     -20.33388     -38.61076      28.18313
    21.22500     -83.59931     -20.31221     -63.28710      28.27040
    21.27500      11.99632     -20.29169      32.28801      28.32251
    21.32500     -21.91868     -20.27268      -1.64600      28.44132
    21.37500     -53.93836     -20.25490     -33.68346      28.39681
    21.42500     -35.59490     -20.23834     -15.35656      28.59733
    21.47500     -20.59406     -20.22300      -0.37106      28.86291
    21.52500     -30.56209     -20.20887     -10.35322      28.76851
    21.57500     -32.54052     -20.19591     -12.34461      28.83573
    21.62500     -45.90426     -20.18408     -25.72018      29.28366
    21.67500     -45.24878     -20.17336     -25.07543      29.49336
    21.72500     -78.73084     -20.16413     -58.56671      29.77035
    21.77500     -50.88776     -20.15611     -30.73165      30.07909
    21.82500     -67.65092     -20.14927     -47.50166      30.52793
    21.87500     -18.46767     -20.14359       1.67592      30.90009
    21.92500     -27.62498     -20.13908      -7.48589      31.58763
    21.97500     -63.17141     -20.13572     -43.03569      32.05852
    22.02500     -94.98466     -20.13349     -74.85117      32.72822
    22.07500     -46.54782     -20.13239     -26.41543      32.74267
    22.12500     -37.06927     -20.13238     -16.93689      28.93084
    22.17500     -37.11947     -20.13347     -16.98601      28.97829
    22.22500     -40.90566     -20.13562     -20.77004      29.73637
    22.27500       9.18627     -20.13881      29.32508      30.50588
    22.32500     -19.59137     -20.14302       0.55165      31.36119
    22.37500      -8.87433     -20.14823      11.27390      32.12667
    22.42500      41.14864     -20.15439      61.30303      33.06227
    22.47500     -34.18833     -20.16148     -14.02685      33.68633
    22.52500     -27.22624     -20.16946      -7.05678      34.14137
    22.57500      -9.50889     -20.17828      10.66939      34.17788
    22.62500     -50.63552     -20.18788     -30.44765      34.25151
    22.67500     -18.43636     -20.19820       1.76184      33.77321
    22.72500     -80.44312     -20.20917     -60.23395      33.12265
    22.77500      15.97228     -20.22067      36.19295      33.08400
    22.82500      30.41408     -20.23258      50.64666      37.63091
    22.87500      49.34413     -20.24472      69.58885      36.97143
    22.92500       7.00752     -20.25685      27.26437      35.34346
    22.97500     -10.06988     -20.26864      10.19876      33.93826
    23.02500     -22.48474     -20.27967      -2.20507      32.72606
    23.07500     -10.33868     -20.28936       9.95068      31.84084
    23.12500     -49.75881     -20.29700     -29.46181      30.92604
    23.17500     -78.23001     -20.30167     -57.92834      30.27131
    23.22500     -60.27362     -20.30231     -39.97131      29.90304
    23.27500     -22.90323     -20.29769      -2.60554      29.62976
    23.32500      -1.89248     -20.28646      18.39398      29.43191
    23.37500     -35.28027     -20.26723     -15.01304      29.32494
    23.42500     -32.66498     -20.23868     -12.42630      29.13142
    23.47500     -32.28743     -20.19964     -12.08779      28.95342
    23.52500     -36.79981     -20.14915     -16.65066      28.91370
    23.57500      -7.20651     -20.08641      12.87991      29.09970
    23.62500     -29.86820     -20.01071      -9.85749      28.90709
    23.67500     -18.42294     -19.92120       1.49826      28.98525
    23.72500     -12.15653     -19.81678       7.66025      29.06199
    23.77500     -16.28918     -19.69587       3.40670      29.09655
    23.82500     -24.15306     -19.55630      -4.59675      28.74112
    23.87500     -47.32918     -19.39513     -27.93405      28.82509
    23.92500      -1.32829     -19.20859      17.88030      28.79617
    23.97500      -3.14441     -18.99220      15.84779      28.84040
    24.02500     -15.26138     -18.74108       3.47970      28.85871
    24.07500     -20.39821     -18.45064      -1.94757      28.76875
    24.12500     -15.24915     -18.11771       2.86857      28.75069
    24.17500     -26.06621     -17.74217      -8.32404      28.59761
    24.22500     -45.28378     -17.32882     -27.95496      28.61325
    24.27500     -27.03227     -16.88938     -10.14289      28.68434
    24.32500     -19.17453     -16.44419      -2.73034      28.72756
    24.37500      21.82668     -16.02319      37.84987      28.83793
    24.42500      31.99904     -15.66589      47.66493      28.64924
    24.47500      25.61503     -15.41957      41.03460      28.70785
    24.52500       4.09394     -15.33413      19.42807      28.60331
    24.57500      20.29838     -15.45147      35.74986      28.54314
    24.62500       9.87210     -15.78952      25.66162      28.63303
    24.67500     -22.88098     -16.32864      -6.55233      28.69942
    24.72500      -9.22597     -17.01287       7.78690      28.71934
    24.77500     -31.56628     -17.76852     -13.79776      27.97419
    24.82500      -5.32819     -18.52694      13.19876      24.30334
    24.87500       1.26342     -19.23769      20.50111      23.48901
    24.92500      -8.57363     -19.87054      11.29691      23.40332
    24.97500     -33.64715     -20.41217     -13.23498      23.49296
    25.02500     -38.79427     -20.86167     -17.93260      23.53336
    25.07500     -46.14742     -21.22647     -24.92095      23.54563
    25.12500     -32.43371     -21.51879     -10.91491      23.50542
    25.17500     -15.23862     -21.75272       6.51410      23.39643
    25.22500     -14.29006     -21.94200       7.65194      23.39957
    25.27500      -0.37848     -22.09862      21.72014      23.35534
    25.32500     -32.79326     -22.23226     -10.56101      23.42639
    25.37500     -18.61332     -22.35014       3.73682      23.54342
    25.42500     -34.87751     -22.45740     -12.42011      23.57854
    25.47500      -7.53005     -22.55752      15.02747      24.27051
    25.52500      -6.62354     -22.65278      16.02924      28.20470
    25.57500      37.06511     -22.74464      59.80975      28.79058
    25.62500      -7.70479     -22.83405      15.12926      28.85000
    25.67500      -0.56612     -22.92164      22.35553      28.81800
    25.72500     -41.45512     -23.00785     -18.44727      28.84636
    25.77500     -35.71856     -23.09297     -12.62559      28.86774
    25.82500     -44.41640     -23.17724     -21.23916      28.83735
    25.87500       3.10887     -23.26085      26.36972      28.96874
    25.92500     -21.35410     -23.34393       1.98983      28.92144
    25.97500     -50.60844     -23.42661     -27.18183      28.68699
    26.02500     -28.08611     -23.50897      -4.57714      28.67821
    26.07500      13.76075     -23.59110      37.35185      28.75314
    26.12500     -35.39303     -23.67305     -11.71997      28.81388
    26.17500     -46.27199     -23.75488     -22.51710      28.74051
    26.22500     -15.07686     -23.83663       8.75977      28.69207
    26.27500      -9.72685     -23.91833      14.19148      28.85382
    26.32500     -40.90600     -24.00000     -16.90599      28.70714
    26.37500     -36.55470     -24.08167     -12.47303      28.88288
    26.42500     -41.46412     -24.16333     -17.30079      28.96981
    26.47500     -77.40145     -24.24500     -53.15645      28.84466
    26.52500     -45.30943     -24.32669     -20.98274      28.46959
    26.57500     -31.84775     -24.40838      -7.43937      28.74291
    26.62500      31.40823     -24.49008      55.89831      28.73901
    26.67500      20.91107     -24.57177      45.48284      28.75761
    26.72500     -29.77496     -24.65345      -5.12152      28.79245
    26.77500     -29.31749     -24.73509      -4.58240      28.79645
    26.82500     -73.59890     -24.81668     -48.78223      28.83214
    26.87500     -23.74806     -24.89819       1.15013      28.78379
    26.92500      14.05387     -24.97961      39.03347      28.90047
    26.97500       1.96729     -25.06090      27.02818      28.72576
    27.02500      11.57048     -25.14203      36.71251      28.55035
    27.07500       9.39504     -25.22296      34.61800      28.75287
    27.12500     -20.71214     -25.30367       4.59152      28.81650
    27.17500     -35.86587     -25.38409     -10.48177      28.63726
    27.22500       0.49635     -25.46420      25.96055      28.71771
    27.27500     -69.16093     -25.54393     -43.61700      28.83271
    27.32500     -32.45141     -25.62323      -6.82818      28.79894
    27.37500     -25.80949     -25.70204      -0.10746      28.77123
    27.42500     -33.20075     -25.78027      -7.42048      28.66070
    27.47500      -4.51309     -25.85787      21.34478      28.76307
    27.52500     -18.21409     -25.93474       7.72065      28.15849
    27.57500       4.73527     -26.01077      30.74605      23.95214
    27.62500     -28.46892     -26.08587      -2.38304      23.31086
    27.67500      -2.88435     -26.15992      23.27557      23.19331
    27.72500      18.90006     -26.23276      45.13282      23.19470
    27.77500       0.68701     -26.30425      26.99126      23.32110
    27.82500      25.87803     -26.37419      52.25223      23.21101
    27.87500       6.46674     -26.44239      32.90913      23.17132
    27.92500     -29.57680     -26.50857      -3.06823      23.35881
    27.97500     -19.16691     -26.57244       7.40553      23.22517
    28.02500      -1.46829     -26.63361      25.16532      23.29173
    28.07500      -4.53864     -26.69159      22.15295      23.33722
    28.12500      11.46608     -26.74575      38.21182      23.97554
    28.17500     -61.72592     -26.79521     -34.93071      28.11471
    28.22500       3.17578     -26.83882      30.01459      28.65090
    28.27500      23.76110     -26.87500      50.63610      28.49827
    28.32500     -49.36454     -26.90169     -22.46284      28.52182
    28.37500     -17.84540     -26.91619       9.07080      28.43495
    28.42500     -15.54355     -26.91510      11.37155      28.61689
    28.47500     -36.11156     -26.89428      -9.21728      28.57528
    28.52500     -28.40438     -26.84891      -1.55547      28.53442
    28.57500     -15.36477     -26.77363      11.40885      28.51538
    28.62500     -19.15581     -26.66286       7.50705      28.68635
    28.67500     -80.95695     -26.51125     -54.44571      28.51604
    28.72500     -43.12786     -26.31393     -16.81393      28.62626
    28.77500     -15.75193     -26.06647      10.31454      28.79030
    28.82500     -32.74164     -25.76430      -6.97734      28.78158
    28.87500     -29.04439     -25.40190      -3.64248      28.75760
    28.92500      -2.19400     -24.97214      22.77814      28.74152
    28.97500      43.92175     -24.46581      68.38756      28.93011
    29.02500       6.16220     -23.87181      30.03400      28.86116
    29.07500       9.67625     -23.17820      32.85445      28.85071
    29.12500      19.92129     -22.37452      42.29581      28.94880
    29.17500     -17.84585     -21.45553       3.60968      28.99997
    29.22500     -22.30953     -20.42639      -1.88314      29.26265
    29.27500     -52.55715     -19.30871     -33.24844      29.23208
    29.32500      -9.57343     -18.14666       8.57324      29.41315
    29.37500     -40.35936     -17.01219     -23.34717      29.65088
    29.42500      17.71546     -16.00810      33.72356      29.79866
    29.47500     -18.78549     -15.26651      -3.51898      30.17957
    29.52500     -31.38056     -14.93538     -16.44518      30.53769
    29.57500      13.18917     -15.14143      28.33060      30.77787
    29.62500     -43.47402     -15.92885     -27.54517      31.14733
    29.67500     -44.24707     -17.21102     -27.03605      31.71315
    29.72500     -47.92602     -18.79166     -29.13436      32.28673
    29.77500     -28.10431     -20.44948      -7.65484      32.97608
    29.82500     -90.35783     -22.01228     -68.34555      33.51169
    29.87500     -55.30699     -23.37803     -31.92895      34.04919
    29.92500     -11.01755     -24.50245      13.48490      34.64634
    29.97500     -39.25666     -25.38018     -13.87648      35.11349
    30.02500     -17.02507     -26.02959       9.00452      35.40832
    30.07500      24.88960     -26.48144      51.37105      35.11632
    30.12500      29.86794     -26.77021      56.63815      34.81516
    30.17500     -15.52439     -26.92803      11.40364      33.37076
    30.22500     -39.41680     -26.98098     -12.43583      27.88046
    30.27500     -11.17353     -26.94751      15.77398      26.48939
    30.32500      29.20093     -26.83821      56.03914      25.69683
    30.37500      -9.62018     -26.65623      17.03605      25.12302
    30.42500       4.93008     -26.39776      31.32784      24.53918
    30.47500     -17.58797     -26.05201       8.46405      24.10274
    30.52500     -47.70804     -25.60075     -22.10729      23.87906
    30.57500     -47.30269     -25.01734     -22.28535      23.69685
    30.62500     -31.40910     -24.26555      -7.14356      23.62899
    30.67500     -49.19671     -23.29857     -25.89814      23.47896
    30.72500     -25.01442     -22.05862      -2.95580      23.40669
    30.77500      -6.33633     -20.47781      14.14149      23.32405
    30.82500     -43.18388     -18.48107     -24.70281      23.72061
    30.87500     -11.54861     -15.99136       4.44276      27.52470
    30.92500     -16.27218     -12.93557      -3.33662      28.21490
    30.97500      -4.31860      -9.24661       4.92802      28.25965
    31.02500      30.35764      -4.85876      35.21640      28.18413
    31.07500       5.72081       0.30245       5.41836      28.26884
    31.12500       3.07028       6.33017      -3.25990      28.16035
    31.17500       9.21249      13.34071      -4.12822      28.18962
    31.22500      -5.42973      21.46797     -26.89770      28.25776
    31.27500       2.33726      30.84319     -28.50593      28.30697
    31.32500      59.32476      41.55603      17.76873      28.07453
    31.37500      41.36807      53.59525     -12.22718      28.26745
    31.42500      62.88202      66.77273      -3.89070      28.36850
    31.47500      88.38203      80.63851       7.74352      28.39816
    31.52500      79.52994      94.39789     -14.86795      28.53897
    31.57500     124.99396     106.84427      18.14970      28.42812
    31.62500     144.48250     116.34444      28.13806      28.40563
    31.67500     106.04621     120.98287     -14.93666      28.66235
    31.72500     139.21601     119.05063      20.16537      28.58880
    31.77500     146.85855     109.91227      36.94628      28.71600
    31.82500     150.89996      94.70452      56.19544      28.71223
    31.87500     126.19487      76.01527      50.17960      28.70340
    31.92500      69.86203      56.65698      13.20505      28.45057
    31.97500      66.18889      38.67412      27.51478      28.54987
    32.02500      53.51025      23.14647      30.36378      28.51813
    32.07500      76.56168      10.42978      66.13191      28.50987
    32.12500      85.21479       0.43391      84.78087      28.25496
    32.17500      18.30543      -7.17526      25.48070      27.96998
    32.22500       9.24288     -12.83737      22.08025      28.06691
    32.27500     -10.51517     -17.00201       6.48684      28.07862
    32.32500      31.28276     -20.06901      51.35177      28.10516
    32.37500      19.62626     -22.35979      41.98604      28.17762
    32.42500       5.61105     -24.11307      29.72412      28.17380
    32.47500      -7.46403     -25.49537      18.03134      28.23763
    32.52500      -9.51099     -26.61770      17.10671      28.10633
    32.57500      20.11995     -27.55219      47.67215      27.83097
    32.62500       2.23904     -28.34561      30.58465      27.91758
    32.67500     -21.19808     -29.02893       7.83085      27.99799
    32.72500     -38.90776     -29.62352      -9.28424      28.06488
    32.77500     -33.95998     -30.14480      -3.81518      28.13157
    32.82500     -27.76255     -30.60444       2.84189      28.12154
    32.87500      -6.55926     -31.01153      24.45227      28.06910
    32.92500     -11.11683     -31.37334      20.25652      27.53303
    32.97500      20.60908     -31.69576      52.30485      23.89797
    33.02500     -20.43286     -31.98359      11.55073      23.20337
    33.07500      -0.96059     -32.24078      31.28018      23.18152
    33.12500     -10.08021     -32.47056      22.39035      23.01441
    33.17500     -26.49024     -32.67560       6.18535      23.15397
    33.22500     -42.97766     -32.85808     -10.11958      23.02637
    33.27500     -56.47015     -33.01978     -23.45037      23.15090
    33.32500       0.81903     -33.16213      33.98116      23.09639
    33.37500       3.33358     -33.28624      36.61982      23.09417
    33.42500     -46.00195     -33.39297     -12.60898      23.08311
    33.47500     -44.12041     -33.48293     -10.63748      23.06969
    33.52500     -19.47302     -33.55649      14.08347      23.01490
    33.57500     -25.10344     -33.61381       8.51037      23.74116
    33.62500     -11.44962     -33.65484      22.20523      27.90570
    33.67500     -16.62090     -33.67931      17.05842      28.43450
    33.72500     -54.37942     -33.68672     -20.69270      28.51982
    33.77500     -55.49798     -33.67632     -21.82166      28.39488
    33.82500       0.82068     -33.64712      34.46780      28.30476
    33.87500     -21.23789     -33.59780      12.35990      28.35071
    33.92500     -42.62527     -33.52670      -9.09857      28.16400
    33.97500     -16.81631     -33.43176      16.61545      28.38946
    34.02500      11.65393     -33.31044      44.96436      28.53101
    34.07500      -9.04774     -33.15956      24.11182      28.43932
    34.12500     -31.31079     -32.97524       1.66445      28.33882
    34.17500     -43.73764     -32.75261     -10.98504      28.49370
    34.22500     -36.87842     -32.48550      -4.39292      28.34382
    34.27500     -16.83531     -32.16599      15.33069      28.27654
    34.32500      -6.23682     -31.78364      25.54681      28.32718
    34.37500      -6.73773     -31.32437      24.58664      28.29329
    34.42500      -6.41777     -30.76894      24.35117      28.34714
    34.47500      -8.19247     -30.09085      21.89838      28.49897
    34.52500      10.14432     -29.25377      39.39809      28.46368
    34.57500      -7.39204     -28.20865      20.81661      28.54933
    34.62500     -15.86135     -26.89100      11.02964      28.45156
    34.67500     -14.96074     -25.21891      10.25817      28.46369
    34.72500     -20.45432     -23.09358       2.63927      28.39772
    34.77500     -33.30607     -20.40436     -12.90171      28.37397
    34.82500     -30.08009     -17.03928     -13.04081      28.56169
    34.87500      -7.97748     -12.89580       4.91832      28.42610
    34.92500     -15.53669      -7.88156      -7.65513      28.51267
    34.97500     -23.32508      -1.90213     -21.42295      28.39013
    35.02500      30.63856       5.15468      25.48389      28.56316
    35.07500      36.39217      13.42479      22.96738      28.76244
    35.12500      54.59299      23.05489      31.53811      28.62270
    35.17500      49.14033      34.16357      14.97676      28.81049
    35.22500      30.28282      46.77134     -16.48852      28.83360
    35.27500      70.40747      60.69741       9.71007      28.55484
    35.32500      98.84922      75.42495      23.42427      28.91790
    35.37500     134.07044      89.93795      44.13249      28.83876
    35.42500     104.24048     102.55248       1.68800      29.04756
    35.47500     149.14687     110.86788      38.27899      29.11916
    35.52500     110.82020     112.19513      -1.37493      29.01708
    35.57500     111.43763     104.83780       6.59983      28.35054
    35.62500     115.90779      89.62306      26.28473      24.00785
    35.67500     110.69225      69.87754      40.81471      23.29901
    35.72500     112.69889      49.46788      63.23101      23.25992
    35.77500      59.97122      31.03831      28.93291      23.29104
    35.82500      53.08992      15.72718      37.36274      23.21073
    35.87500      42.57452       3.67614      38.89838      23.06989
    35.92500      48.21834      -5.46559      53.68393      23.10093
    35.97500       4.87649     -12.23567      17.11216      23.17267
    36.02500       8.78237     -17.19273      25.97510      22.91371
    36.07500     -11.77358     -20.82945       9.05587      22.93468
    36.12500     -13.51148     -23.53609      10.02461      22.99265
    36.17500       8.10430     -25.59749      33.70179      22.79266
    36.22500      -7.47535     -27.20913      19.73378      23.62390
    36.27500     -40.33517     -28.49995     -11.83522      27.60661
    36.32500     -32.41890     -29.55368      -2.86521      28.22650
    36.37500     -25.93070     -30.42521       4.49450      28.21810
    36.42500     -10.32176     -31.15153      20.82977      27.98621
    36.47500      15.18352     -31.75809      46.94161      28.16323
    36.52500     -14.65349     -32.26163      17.60814      28.30794
    36.57500     -21.70606     -32.67545      10.96939      28.17432
    36.62500      -8.06281     -33.00737      24.94456      28.12381
    36.67500     -54.61619     -33.26126     -21.35494      28.17735
    36.72500     -29.77850     -33.43739       3.65889      28.20588
    36.77500      -9.79457     -33.53296      23.73839      28.31116
    36.82500     -28.95111     -33.54311       4.59200      28.06423
    36.87500      -6.73849     -33.46252      26.72403      27.99366
    36.92500     -31.27637     -33.28653       2.01016      28.12993
    36.97500     -46.07774     -33.01096     -13.06679      28.04445
    37.02500       1.99618     -32.63051      34.62669      28.24284
    37.07500     -23.42184     -32.13766       8.71582      28.14198
    37.12500     -20.38034     -31.52290      11.14257      28.24718
    37.17500     -21.82808     -30.77739       8.94931      28.32356
    37.22500     -38.69639     -29.89846      -8.79793      28.25982
    37.27500     -15.23694     -28.89916      13.66222      28.27243
    37.32500      -3.07084     -27.82275      24.75191      28.31648
    37.37500      -2.06477     -26.76333      24.69856      28.38671
    37.42500     -43.20935     -25.88841     -17.32094      28.35088
    37.47500     -40.79428     -25.43923     -15.35506      28.15327
    37.52500      33.92694     -25.65607      59.58302      28.35245
    37.57500     -31.51057     -26.61387      -4.89670      28.36814
    37.62500     -30.51133     -28.10824      -2.40309      28.28293
    37.67500     -35.24159     -29.76874      -5.47285      28.36714
    37.72500      -9.10832     -31.29257      22.18425      28.30922
    37.77500       2.04783     -32.54465      34.59248      28.59170
    37.82500     -19.03193     -33.51087      14.47894      28.45407
    37.87500     -47.49083     -34.22986     -13.26097      28.48886
    37.92500     -18.85318     -34.75406      15.90088      28.22933
    37.97500     -28.19835     -35.13307       6.93472      28.37290
    38.02500     -44.85584     -35.40758      -9.44826      28.29036
    38.07500     -73.44591     -35.60803     -37.83788      28.27563
    38.12500      -1.22281     -35.75578      34.53297      28.40592
    38.17500     -22.61196     -35.86521      13.25324      28.34559
    38.22500      -5.85453     -35.94579      30.09126      28.45764
    38.27500     -16.41496     -36.00386      19.58891      27.84133
    38.32500     -23.36936     -36.04375      12.67439      23.95001
    38.37500      -7.42684     -36.06853      28.64169      23.29561
    38.42500     -63.43237     -36.08046     -27.35191      23.12631
    38.47500     -69.14850     -36.08123     -33.06728      23.27075
    38.52500     -26.84045     -36.07213       9.23168      23.30938
    38.57500     -12.07231     -36.05413      23.98181      23.39274
    38.62500     -31.05904     -36.02797       4.96893      23.35208
    38.67500      -2.48335     -35.99420      33.51085      23.48141
    38.72500     -14.98502     -35.95319      20.96817      23.55664
    38.77500      14.06233     -35.90517      49.96750      23.73171
    38.82500      18.00214     -35.85023      53.85236      23.87639
    38.87500     -19.75668     -35.78833      16.03165      24.10547
    38.92500     -46.52521     -35.71930     -10.80591      24.26107
    38.97500     -15.70547     -35.64281      19.93733      25.29901
    39.02500      -0.61275     -35.55832      34.94558      29.63317
    39.07500      -3.18100     -35.46511      32.28411      30.69533
    39.12500      27.21736     -35.36213      62.57949      31.36851
    39.17500      12.37548     -35.24794      47.62342      32.08232
    39.22500      -7.64617     -35.12058      27.47440      33.11636
    39.27500     -15.52332     -34.97728      19.45397      34.05152
    39.32500     -49.42179     -34.81427     -14.60753      34.93303
    39.37500       0.04148     -34.62631      34.66778      35.89544
    39.42500     -29.76972     -34.40645       4.63674      36.86058
    39.47500     -55.54691     -34.14606     -21.40085      37.76135
    39.52500     -36.15971     -33.83565      -2.32406      38.44532
    39.57500      -4.86064     -33.46655      28.60591      39.13786
    39.62500     -25.99112     -33.03187       7.04075      39.47263
    39.67500     -53.69731     -32.52557     -21.17175      39.22700
    39.72500     -18.87448     -31.94073      13.06625      38.74569
    39.77500      10.52838     -31.26862      41.79700      38.17086
    39.82500      -1.68531     -30.49930      28.81399      37.14690
    39.87500     -28.28577     -29.62462       1.33885      36.08898
    39.92500      -0.94458     -28.64511      27.70053      34.89167
    39.97500     -10.79793     -27.58402      16.78609      33.79244
    40.02500      37.19566     -26.51294      63.70860      32.59093
    40.07500      24.99244     -25.58489      50.57732      31.78655
    40.12500      -1.93169     -25.03346      23.10178      31.01717
    40.17500      31.37173     -25.05183      56.42357      30.47282
    40.22500      28.11473     -25.57902      53.69375      29.67984
    40.27500       0.19930     -26.28430      26.48360      29.20739
    40.32500     -21.30279     -26.83689       5.53410      28.87407
    40.37500     -26.66271     -27.08445       0.42174      28.61498
    40.42500      -0.67768     -27.01364      26.33596      28.49563
    40.47500       4.26834     -26.66791      30.93624      28.52038
    40.52500     -11.98909     -26.11037      14.12128      28.34802
    40.57500     -16.42490     -25.42420       8.99930      28.32213
    40.62500     -11.71441     -24.73154      13.01713      28.16693
    40.67500     -15.91195     -24.21052       8.29857      28.05415
    40.72500     -12.48890     -24.06807      11.57916      28.10896
    40.77500      -2.18753     -24.42528      22.23775      28.19096
    40.82500      -2.38816     -25.18594      22.79778      27.96532
    40.87500     -24.47144     -26.07779       1.60635      27.94384
    40.92500     -21.35347     -26.85334       5.49986      27.44890
    40.97500       0.43813     -27.39860      27.83673      24.22464
    41.02500      -4.27752     -27.69718      23.41966      23.63672
    41.07500      -3.64258     -27.76928      24.12670      23.61694
    41.12500     -11.97041     -27.63872      15.66831      23.62907
    41.17500     -36.29767     -27.32169      -8.97598      23.61531
    41.22500     -43.62699     -26.82399     -16.80299      23.47262
    41.27500     -31.16132     -26.14457      -5.01675      23.58810
    41.32500     -33.51472     -25.26464      -8.25009      23.59710
    41.37500     -14.72133     -24.18055       9.45922      23.52732
    41.42500     -11.46083     -22.87756      11.41673      23.54047
    41.47500     -13.27013     -21.34036       8.07023      23.58080
    41.52500     -38.76131     -19.55852     -19.20279      23.52950
    41.57500     -44.21936     -17.53625     -26.68311      23.59650
    41.62500       0.60118     -15.30746      15.90865      24.38222
    41.67500     -17.17743     -12.95700      -4.22043      28.69021
    41.72500       9.86583     -10.64006      20.50589      29.45789
    41.77500     -11.78061      -8.56926      -3.21136      29.65270
    41.82500      12.03574      -6.91932      18.95505      29.84369
    41.87500     -13.76113      -5.66287      -8.09827      29.91444
    41.92500       6.34853      -4.49549      10.84402      29.59201
    41.97500     -17.61013      -2.98062     -14.62951      29.49472
    42.02500       3.67596      -0.77866       4.45462      29.46413
    42.07500      44.14159       2.24645      41.89515      29.57931
    42.12500       2.04816       6.03842      -3.99026      29.76632
    42.17500     -18.41779      10.36765     -28.78544      29.54501
    42.22500      -3.78867      14.80878     -18.59744      29.41402
    42.27500       1.10783      18.69320     -17.58537      29.71789
    42.32500      13.84455      21.11392      -7.26937      29.65133
    42.37500      48.47775      21.13366      27.34409      29.64102
    42.42500     -13.31593      18.28133     -31.59726      29.61989
    42.47500     -25.52130      13.01591     -38.53722      29.57879
    42.52500      43.51913       6.55507      36.96405      29.69786
    42.57500       6.93656       0.13603       6.80054      29.70633
    42.62500     -25.78715      -5.49908     -20.28807      29.74656
    42.67500       6.57436     -10.09605      16.67041      29.71589
    42.72500       4.88737     -13.68011      18.56748      29.65975
    42.77500     -26.44983     -16.39284     -10.05699      29.75167
    42.82500     -11.49326     -18.40692       6.91366      29.52895
    42.87500       7.24377     -19.88673      27.13051      29.77331
    42.92500       0.45350     -20.97141      21.42491      29.62577
    42.97500      -9.76435     -21.76972      12.00537      29.41482
    43.02500     -20.69642     -22.36167       1.66525      29.64435
    43.07500      -6.16378     -22.80360      16.63982      29.59659
    43.12500     -28.14049     -23.13420      -5.00630      29.50312
    43.17500     -60.87978     -23.37989     -37.49989      29.77358
    43.22500     -57.66120     -23.55900     -34.10221      29.71684
    43.27500     -44.31875     -23.68457     -20.63418      29.62099
    43.32500     -36.55764     -23.76621     -12.79143      29.57227
    43.37500     -56.53899     -23.81118     -32.72781      29.36557
    43.42500     -41.24641     -23.82513     -17.42128      29.48430
    43.47500     -53.65449     -23.81246     -29.84203      29.72390
    43.52500     -21.36959     -23.77672       2.40712      29.69676
    43.57500     -10.83956     -23.72069      12.88113      29.77960
    43.62500      -7.69867     -23.64662      15.94795      29.71836
    43.67500       9.36918     -23.55631      32.92549      29.11396
    43.72500     -22.55064     -23.45117       0.90053      24.93229
    43.77500      -6.55583     -23.33228      16.77645      24.23883
    43.82500      -5.67298     -23.20049      17.52751      24.28751
    43.87500       5.07850     -23.05640      28.13489      24.22478
    43.92500      34.27743     -22.90038      57.17781      24.50615
    43.97500     -14.56006     -22.73263       8.17257      24.45716
    44.02500     -26.11551     -22.55317      -3.56234      24.39132
    44.07500     -24.86589     -22.36180      -2.50409      24.54362
    44.12500     -31.60655     -22.15818      -9.44837      24.59954
    44.17500      -4.42833     -21.94172      17.51339      24.69277
    44.22500      -5.37809     -21.71166      16.33356      24.85171
    44.27500     -22.78461     -21.46696      -1.31764      24.94252
    44.32500       8.06050     -21.20633      29.26683      25.67390
    44.37500      -1.83124     -20.92812      19.09687      30.34218
    44.42500      -8.25188     -20.63027      12.37840      31.09983
    44.47500      -7.77943     -20.31023      12.53081      31.45471
    44.52500     -27.76070     -19.96475      -7.79595      31.17266
    44.57500       0.67307     -19.58969      20.26276      31.30863
    44.62500     -41.45616     -19.17967     -22.27649      31.49076
    44.67500     -37.76037     -18.72761     -19.03276      31.56745
    44.72500     -11.17498     -18.22403       7.04905      31.71540
    44.77500     -22.87331     -17.65614      -5.21717      32.06921
    44.82500     -29.42921     -17.00660     -12.42261      32.13331
    44.87500     -20.91376     -16.25197      -4.66179      32.25456
    44.92500     -32.25749     -15.36083     -16.89666      32.75323
    44.97500     -40.86035     -14.29176     -26.56860      32.78054
    45.02500      25.77955     -12.99126      38.77081      33.14845
    45.07500     -16.79023     -11.39238      -5.39785      33.66163
    45.12500       5.12712      -9.41481      14.54193      34.27896
    45.17500      39.58652      -6.96790      46.55442      35.19135
    45.22500       0.99503      -3.95830       4.95333      36.34285
    45.27500      27.61497      -0.30278      27.91775      37.52647
    45.32500      52.96017       4.05467      48.90550      38.63863
    45.37500      58.73543       9.12407      49.61135      39.99570
    45.42500      43.98839      14.85022      29.13817      41.14817
    45.47500      55.39811      21.09214      34.30597      42.48037
    45.52500      69.79204      27.59874      42.19330      43.89420
    45.57500      34.44389      33.98087       0.46303      44.98307
    45.62500      21.34561      39.68891     -18.34330      46.16097
    45.67500      55.00473      44.02563      10.97910      47.10470
    45.72500      26.36992      46.24974     -19.87982      47.76522
    45.77500      34.58501      45.81129     -11.22628      48.34700
    45.82500      16.35956      42.64492     -26.28536      48.73047
    45.87500      60.01427      37.29800      22.71627      49.02435
    45.92500      10.99942      30.72940     -19.72998      48.87039
    45.97500     -10.42260      23.91769     -34.34029      48.84407
    46.02500      81.77675      17.57800      64.19875      48.17599
    46.07500      56.49051      12.10467      44.38584      48.11964
    46.12500     -48.45423       7.64540     -56.09963      47.24468
    46.17500      14.60698       4.19345      10.41353      46.64958
    46.22500     -45.89881       1.65448     -47.55329      45.46856
    46.27500     -74.07677      -0.11224     -73.96453      44.83485
    46.32500     -28.31083      -1.26898     -27.04186      44.03140
    46.37500      22.07384      -1.98459      24.05843      41.83477
    46.42500       7.06409      -2.42446       9.48855      34.82766
    46.47500     -24.82437      -2.73946     -22.08492      32.78986
    46.52500      -0.87836      -3.04825       2.16989      31.49898
    46.57500      -0.96691      -3.41459       2.44767      30.62741
    46.62500     -38.08837      -3.83524     -34.25313      29.73499
    46.67500       3.77117      -4.25619       8.02736      28.92146
    46.72500     -10.32088      -4.61154      -5.70934      27.99120
    46.77500     -19.04437      -4.85810     -14.18627      27.37218
    46.82500       5.61107      -4.98928      10.60035      26.92028
    46.87500     -10.04222      -5.03352      -5.00870      26.34285
    46.92500      -9.40642      -5.04707      -4.35935      25.81619
    46.97500     -16.08016      -5.10372     -10.97644      26.19885
    47.02500      -9.06149      -5.27838      -3.78311      29.68853
    47.07500     -15.26095      -5.62320      -9.63775      30.08078
    47.12500     -32.00058      -6.14593     -25.85465      29.92236
    47.17500     -43.45799      -6.80629     -36.65170      29.74166
    47.22500     -52.76914      -7.53553     -45.23362      29.36932
    47.27500      10.60628      -8.26415      18.87043      29.37800
    47.32500     -14.96778      -8.93996      -6.02781      29.26260
    47.37500       0.64562      -9.53236      10.17798      29.26633
    47.42500     -12.22736     -10.02852      -2.19884      29.19233
    47.47500       2.22018     -10.42772      12.64790      29.13585
    47.52500     -14.86533     -10.73662      -4.12871      29.03571
    47.57500     -21.05126     -10.96580     -10.08546      28.83159
    47.62500     -45.38040     -11.12736     -34.25303      28.80939
    47.67500      18.84957     -11.23339      30.08296      28.75614
    47.72500      11.47025     -11.29495      22.76520      28.75739
    47.77500      -1.34128     -11.32147       9.98019      28.67793
    47.82500     -30.67380     -11.32060     -19.35320      28.59830
    47.87500     -21.60917     -11.29820     -10.31097      28.75420
    47.92500       1.99280     -11.25859      13.25139      28.81984
    47.97500       8.75855     -11.20476      19.96331      28.97298
    48.02500     -31.28763     -11.13864     -20.14899      28.72384
    48.07500     -13.81098     -11.06131      -2.74967      28.63256
    48.12500       4.82219     -10.97307      15.79526      28.56020
    48.17500       8.21562     -10.87358      19.08920      28.63913
    48.22500     -11.28596     -10.76180      -0.52416      28.65387
    48.27500     -18.98154     -10.63605      -8.34549      28.49702
    48.32500       3.05450     -10.49394      13.54844      28.50432
    48.37500      -4.27343     -10.33245       6.05902      28.65947
    48.42500     -42.87028     -10.14798     -32.72230      28.52620
    48.47500     -50.52223      -9.93661     -40.58562      28.36866
    48.52500      -1.72843      -9.69449       7.96606      28.49061
    48.57500     -42.95813      -9.41839     -33.53974      28.56060
    48.62500     -41.16481      -9.10656     -32.05825      28.49045
    48.67500     -32.15406      -8.75959     -23.39447      28.45579
    48.72500     -10.32778      -8.38143      -1.94635      28.60464
    48.77500     -30.79316      -7.98017     -22.81299      28.63045
    48.82500     -15.38989      -7.56881      -7.82108      28.44436
    48.87500       9.36636      -7.16580      16.53216      28.49397
    48.92500      30.65758      -6.79509      37.45267      28.27181
    48.97500     -49.81393      -6.48500     -43.32894      28.33785
    49.02500     -52.34607      -6.26426     -46.08181      28.43087
    49.07500     -22.63772      -6.15478     -16.48295      27.70557
    49.12500     -33.41870      -6.16271     -27.25598      23.67587
    49.17500     -20.13662      -6.27352     -13.86310      23.06514
    49.22500      -9.58585      -6.45563      -3.13023      22.97470
    49.27500       4.79138      -6.67118      11.46255      23.00316
    49.32500     -21.46131      -6.88651     -14.57480      23.00037
    49.37500      18.06996      -7.07714      25.14711      23.00809
    49.42500      29.62747      -7.22764      36.85511      22.96099
    49.47500     -23.37861      -7.32923     -16.04938      23.08120
    49.52500       6.76494      -7.37727      14.14221      23.24234
    49.57500      -4.13367      -7.36932       3.23566      23.23885
    49.62500       4.29269      -7.30357      11.59625      23.22356
    49.67500      -6.84598      -7.17809       0.33211      23.23569
    49.72500      -2.65631      -6.98965       4.33334      23.84426
    49.77500     -10.67545      -6.73395      -3.94149      28.08849
    49.82500      24.93348      -6.40524      31.33872      28.70505
    49.87500     -38.70950      -5.99691     -32.71258      28.82546
    49.92500      -7.90019      -5.50246      -2.39772      28.98860
    49.97500      36.83999      -4.91689      41.75688      29.09009
    50.02500      28.84160      -4.23851      33.08011      29.08985
    50.07500      16.77837      -3.47109      20.24946      29.20559
    50.12500     -39.69401      -2.62600     -37.06800      29.29361
    50.17500      10.10928      -1.72436      11.83363      29.29736
    50.22500      35.47127      -0.79861      36.26988      29.23141
    50.27500     -51.66111       0.10693     -51.76803      29.30477
    50.32500     -13.19921       0.93775     -14.13696      29.22572
    50.37500     -25.41045       1.63424     -27.04469      29.42012
    50.42500      -5.60047       2.14056      -7.74103      29.15548
    50.47500     -24.86358       2.41575     -27.27933      29.08218
    50.52500       5.35539       2.44385       2.91153      29.00534
    50.57500     -20.26574       2.24008     -22.50583      29.02266
    50.62500     -21.76751       1.85082     -23.61833      28.90602
    50.67500     -28.14723       1.34614     -29.49337      28.90914
    50.72500       6.09926       0.80651       5.29275      28.77004
    50.77500     -16.84817       0.30890     -17.15708      28.59251
    50.82500      -5.47435      -0.08166      -5.39268      28.48687
    50.87500      -2.46359      -0.31347      -2.15012      28.64004
    50.92500     -30.28140      -0.34459     -29.93682      28.56803
    50.97500       3.56819      -0.13784       3.70603      28.42924
    51.02500       0.38926       0.34372       0.04553      28.24111
    51.07500      10.16944       1.14000       9.02944      28.06470
    51.12500       9.83718       2.29550       7.54167      28.06670
    51.17500     -43.58960       3.85931     -47.44891      28.12182
    51.22500      19.00684       5.88307      13.12378      27.99869
    51.27500      34.42921       8.41680      26.01241      27.96658
    51.32500      18.17299      11.50225       6.67074      28.11490
    51.37500     -10.37806      15.16374     -25.54179      28.10070
    51.42500      -2.95661      19.39697     -22.35358      27.96015
    51.47500      29.88241      24.15645       5.72596      27.94863
    51.52500      45.90819      29.34255      16.56564      27.92358
    51.57500      20.17183      34.78971     -14.61788      27.92996
    51.62500       9.71620      40.25844     -30.54224      27.99495
    51.67500      35.54612      45.43635      -9.89023      28.02256
    51.72500      22.00319      49.95614     -27.95295      28.15583
    51.77500      73.29390      53.43695      19.85695      27.54964
    51.82500      87.56202      55.54569      32.01634      23.85570
    51.87500      49.01526      56.05919      -7.04393      22.98598
    51.92500      47.75410      54.90305      -7.14895      22.95597
    51.97500      38.69903      52.15928     -13.46025      22.92990
    52.02500      33.72238      48.05371     -14.33133      23.04144
    52.07500      27.37818      42.92859     -15.55041      23.02903
    52.12500      42.61289      37.19259       5.42030      22.91346
    52.17500      17.94742      31.25131     -13.30389      23.02454
    52.22500      36.49604      25.44463      11.05140      23.04926
    52.27500       6.39220      20.01535     -13.62316      22.85855
    52.32500      38.19119      15.10991      23.08127      22.93936
    52.37500      24.78801      10.79675      13.99126      22.94510
    52.42500       3.43961       7.08818      -3.64857      23.38792
    52.47500       3.02821       3.95930      -0.93109      27.49412
    52.52500       3.02123       1.36255       1.65868      27.75298
    52.57500     -30.66720      -0.76134     -29.90586      27.83110
    52.62500     -28.34449      -2.47510     -25.86939      27.87761
    52.67500     -15.53010      -3.83890     -11.69121      27.80884
    52.72500     -35.41291      -4.90608     -30.50683      27.81318
    52.77500      19.61018      -5.72061      25.33079      27.74277
    52.82500       1.34098      -6.31587       7.65685      27.64952
    52.87500      44.61426      -6.71453      51.32879      27.92561
    52.92500     -17.81004      -6.92942     -10.88062      27.89555
    52.97500     -29.65540      -6.96482     -22.69058      27.81159
    53.02500     -11.39991      -6.81836      -4.58155      27.81463
    53.07500      -8.29087      -6.48322      -1.80765      27.60322
    53.12500     -22.77405      -5.95066     -16.82339      27.79878
    53.17500      -9.36195      -5.21249      -4.14946      27.84605
    53.22500     -31.88831      -4.26425     -27.62406      27.85359
    53.27500       4.28396      -3.10846       7.39241      27.97215
    53.32500     -12.09649      -1.75801     -10.33848      27.81161
    53.37500     -11.09156      -0.23916     -10.85240      27.96435
    53.42500       9.03308       1.40458       7.62850      28.05602
    53.47500      33.02545       3.11196      29.91349      27.94087
    53.52500      41.41199       4.80490      36.60709      27.87015
    53.57500      44.05657       6.39481      37.66175      28.09019
    53.62500      -1.37420       7.79579      -9.16999      27.95670
    53.67500     -11.01255       8.94354     -19.95609      28.03004
    53.72500      33.78754       9.81267      23.97486      27.82366
    53.77500     -11.81748      10.42100     -22.23848      27.79004
    53.82500     -10.92588      10.81386     -21.73974      27.81847
    53.87500     -13.47314      11.03411     -24.50726      27.67368
    53.92500      27.64935      11.09308      16.55626      27.88433
    53.97500      -0.62861      10.95515     -11.58376      28.10363
    54.02500      51.65228      10.54103      41.11125      28.14292
